46 0.86171875 0.17421875 0.134375 0.190625
46 0.6109375 0.17890625 0.1390625 0.19375
46 0.40390625 0.19375 0.153125 0.1734375
46 0.2234375 0.20703125 0.1375 0.1875
46 0.75234375 0.26171875 0.128125 0.1421875
46 0.62265625 0.44453125 0.13125 0.2125
46 0.3234375 0.44609375 0.20625 0.2140625
46 0.8734375 0.453125 0.128125 0.2125
46 0.75234375 0.57578125 0.125 0.1734375
46 0.4125 0.66328125 0.1625 0.209375
46 0.2296875 0.69453125 0.18125 0.2140625
46 0.61875 0.703125 0.1125 0.16875
46 0.85078125 0.7171875 0.128125 0.1734375
46 0.728125 0.8109375 0.1125 0.11875