0 0.26796875 0.4015625 0.1234375 0.134375
0 0.46015625 0.34140625 0.603125 0.4328125
0 0.3484375 0.384375 0.36875 0.3484375
0 0.39296875 0.821875 0.10625 0.1421875
0 0.4796875 0.77421875 0.2796875 0.334375
0 0.4046875 0.69140625 0.096875 0.1203125
0 0.47109375 0.76328125 0.1015625 0.1390625
0 0.490625 0.8796875 0.103125 0.1296875
0 0.5 0.6671875 0.1015625 0.121875
0 0.56640625 0.7765625 0.10625 0.1421875
0 0.6609375 0.5890625 0.134375 0.15625
0 0.709375 0.75 0.1328125 0.165625
0 0.790625 0.61640625 0.1203125 0.159375