72 0.03515625 0.4 0.0703125 0.1875
72 0.0375 0.2546875 0.075 0.1234375
72 0.0421875 0.87109375 0.084375 0.2578125
72 0.10078125 0.62265625 0.2015625 0.275
72 0.12265625 0.30625 0.2171875 0.2203125
72 0.13359375 0.5015625 0.15625 0.1609375
72 0.1546875 0.86875 0.190625 0.2625
72 0.25625 0.415625 0.2328125 0.21875
72 0.25 0.6734375 0.159375 0.3015625
72 0.25390625 0.24140625 0.1640625 0.1828125
72 0.3453125 0.8859375 0.2125 0.2265625
72 0.4 0.52265625 0.1796875 0.2171875
72 0.4484375 0.7328125 0.24375 0.2765625
72 0.39765625 0.3484375 0.084375 0.1078125
72 0.475 0.46484375 0.165625 0.1734375
72 0.4828125 0.365625 0.11875 0.103125
72 0.58515625 0.884375 0.21875 0.23125
72 0.55078125 0.6296875 0.1390625 0.2265625
72 0.5734375 0.4859375 0.059375 0.1390625
72 0.62734375 0.65859375 0.084375 0.184375