72 0.6 0.03515625 0.1875 0.06875
72 0.7453125 0.0375 0.121875 0.075
72 0.12890625 0.0421875 0.25625 0.084375
72 0.37734375 0.10078125 0.275 0.2015625
72 0.69375 0.12265625 0.221875 0.215625
72 0.4984375 0.13359375 0.1609375 0.15625
72 0.13125 0.1546875 0.2625 0.190625
72 0.584375 0.25625 0.21875 0.2328125
72 0.3265625 0.25 0.3 0.159375
72 0.75859375 0.25390625 0.1828125 0.1625
72 0.1140625 0.3453125 0.225 0.2125
72 0.47734375 0.4 0.215625 0.18125
72 0.2671875 0.4484375 0.2765625 0.24375
72 0.6515625 0.39765625 0.1078125 0.084375
72 0.53515625 0.475 0.1734375 0.165625
72 0.634375 0.4828125 0.103125 0.11875
72 0.115625 0.58515625 0.23125 0.21875
72 0.3703125 0.55078125 0.225 0.1390625
72 0.5140625 0.5734375 0.1390625 0.059375
72 0.34140625 0.62734375 0.184375 0.084375