48 0.6578125 0.9203125 0.23125 0.1375
48 0.4515625 0.84140625 0.209375 0.1515625
48 0.27265625 0.81015625 0.20625 0.1546875
48 0.734375 0.79296875 0.221875 0.1609375
48 0.609375 0.81015625 0.075 0.06875
48 0.509375 0.7171875 0.196875 0.10625
48 0.10546875 0.70703125 0.190625 0.128125
48 0.84375 0.65859375 0.128125 0.1625
48 0.28984375 0.6921875 0.128125 0.06875
48 0.67890625 0.671875 0.2 0.065625
48 0.19921875 0.62734375 0.16875 0.1078125
48 0.33984375 0.6234375 0.09375 0.084375
48 0.4671875 0.6 0.184375 0.1125
48 0.65859375 0.56015625 0.2984375 0.178125
48 0.89765625 0.54921875 0.0625 0.075
48 0.30390625 0.47109375 0.2359375 0.165625
48 0.78359375 0.44453125 0.25 0.2015625
48 0.46484375 0.43359375 0.2234375 0.134375
48 0.9328125 0.4109375 0.134375 0.18125
48 0.56484375 0.35703125 0.2859375 0.2015625
48 0.0984375 0.359375 0.196875 0.1625
48 0.803125 0.265625 0.3125 0.2125
48 0.30078125 0.2703125 0.2328125 0.1875
48 0.4640625 0.21640625 0.16875 0.125
48 0.6265625 0.18984375 0.14375 0.121875
48 0.9640625 0.18125 0.0671875 0.121875
48 0.23828125 0.1140625 0.196875 0.1390625
48 0.74609375 0.07578125 0.2765625 0.1515625
48 0.4171875 0.07421875 0.228125 0.1375
48 0.5609375 0.0625 0.071875 0.1078125
48 0.88671875 0.05625 0.2140625 0.10625
48 0.2203125 0.02265625 0.1609375 0.04375