48 0.0796875 0.6578125 0.1375 0.23125
48 0.15859375 0.4515625 0.1515625 0.209375
48 0.18984375 0.27265625 0.1546875 0.2078125
48 0.20703125 0.734375 0.1609375 0.221875
48 0.18984375 0.609375 0.0703125 0.075
48 0.2828125 0.509375 0.10625 0.196875
48 0.29296875 0.10546875 0.128125 0.190625
48 0.34140625 0.84375 0.1640625 0.128125
48 0.3078125 0.28984375 0.0703125 0.128125
48 0.328125 0.67890625 0.065625 0.2
48 0.37265625 0.19921875 0.1078125 0.16875
48 0.3765625 0.33984375 0.084375 0.09375
48 0.4 0.4671875 0.1140625 0.184375
48 0.43984375 0.65859375 0.178125 0.2984375
48 0.45078125 0.89765625 0.075 0.0625
48 0.52890625 0.30390625 0.165625 0.2359375
48 0.55546875 0.78359375 0.2015625 0.25
48 0.56640625 0.46484375 0.134375 0.2234375
48 0.5890625 0.9328125 0.1796875 0.134375
48 0.64296875 0.56484375 0.2015625 0.2859375
48 0.640625 0.0984375 0.1640625 0.196875
48 0.734375 0.803125 0.2125 0.3125
48 0.7296875 0.30078125 0.1875 0.2328125
48 0.78359375 0.4640625 0.125 0.16875
48 0.81015625 0.6265625 0.121875 0.1453125
48 0.81875 0.9640625 0.1234375 0.0671875
48 0.8859375 0.23828125 0.1390625 0.196875
48 0.92421875 0.74609375 0.1515625 0.2765625
48 0.92578125 0.4171875 0.1375 0.228125
48 0.9375 0.5609375 0.1078125 0.071875
48 0.94375 0.88671875 0.10625 0.2140625
48 0.97734375 0.2203125 0.04375 0.1609375