52 0.10546875 0.765625 0.103125 0.1625
52 0.08515625 0.56484375 0.034375 0.05625
52 0.146875 0.66015625 0.090625 0.1390625
52 0.1921875 0.27734375 0.034375 0.05
52 0.2609375 0.259375 0.075 0.1078125
52 0.39296875 0.178125 0.103125 0.1421875
52 0.4296875 0.0609375 0.0875 0.121875
52 0.49375 0.4734375 0.1390625 0.19375
52 0.4734375 0.7015625 0.0765625 0.1375
52 0.53359375 0.0875 0.0578125 0.134375
52 0.6453125 0.6265625 0.0765625 0.1296875
52 0.90390625 0.4484375 0.0453125 0.1125
52 0.9484375 0.21171875 0.1 0.1515625