53 0.9546875 0.52578125 0.090625 0.0640625
53 0.115625 0.5453125 0.23125 0.0875
53 0.571875 0.5453125 0.240625 0.075
53 0.90390625 0.584375 0.1921875 0.10625
53 0.08515625 0.5953125 0.1703125 0.103125
53 0.4890625 0.5953125 0.259375 0.1
53 0.56484375 0.64453125 0.221875 0.075
53 0.1359375 0.64765625 0.20625 0.0671875
53 0.946875 0.6453125 0.10625 0.0578125
53 0.94140625 0.72109375 0.1171875 0.0578125
53 0.16796875 0.73203125 0.2015625 0.0671875
53 0.5625 0.7390625 0.2046875 0.065625
53 0.90234375 0.7640625 0.19375 0.0921875
53 0.115625 0.76953125 0.228125 0.0921875
53 0.56875 0.81875 0.19375 0.0625
53 0.1859375 0.8171875 0.165625 0.05625
53 0.93046875 0.8171875 0.1390625 0.053125
53 0.92890625 0.88125 0.1421875 0.0609375
53 0.2140625 0.88125 0.19375 0.0578125
53 0.58046875 0.8859375 0.2140625 0.0515625
53 0.1671875 0.915625 0.2046875 0.075
53 0.8796875 0.91484375 0.2015625 0.0671875
53 0.51328125 0.9203125 0.221875 0.06875
53 0.92578125 0.94609375 0.1484375 0.0578125
53 0.2296875 0.9546875 0.1609375 0.0515625
53 0.58046875 0.9546875 0.18125 0.04375