41 0.0328125 0.1734375 0.065625 0.0765625
41 0.06015625 0.2671875 0.1203125 0.1390625
41 0.0734375 0.08671875 0.146875 0.1203125
41 0.14453125 0.15859375 0.1609375 0.1640625
41 0.49296875 0.4203125 0.5828125 0.459375
41 0.38359375 0.17421875 0.2 0.084375
41 0.4234375 0.7765625 0.2515625 0.2453125
41 0.3921875 0.08203125 0.16875 0.1640625
41 0.5609375 0.1078125 0.165625 0.2140625
41 0.7296875 0.665625 0.1640625 0.23125
41 0.82421875 0.1109375 0.2046875 0.221875
41 0.959375 0.1828125 0.0796875 0.1703125
41 0.96328125 0.05625 0.0703125 0.1125