41 0.1734375 0.9671875 0.0765625 0.065625
41 0.2671875 0.93984375 0.1390625 0.1203125
41 0.08671875 0.9265625 0.1203125 0.146875
41 0.15859375 0.85546875 0.1625 0.1609375
41 0.4203125 0.50703125 0.459375 0.58125
41 0.17421875 0.61640625 0.084375 0.2
41 0.7765625 0.5765625 0.2453125 0.253125
41 0.08203125 0.6078125 0.1625 0.16875
41 0.1078125 0.4390625 0.2140625 0.165625
41 0.665625 0.2703125 0.23125 0.1625
41 0.1109375 0.17578125 0.221875 0.2046875
41 0.1828125 0.040625 0.1703125 0.0796875
41 0.05625 0.03671875 0.1125 0.0703125