19 0.85234375 0.5921875 0.2046875 0.13125
19 0.853125 0.58984375 0.2125 0.1296875
19 0.56015625 0.56953125 0.084375 0.115625
19 0.5609375 0.571875 0.075 0.1078125
19 0.7015625 0.56875 0.084375 0.0796875
19 0.70078125 0.56484375 0.0890625 0.075
19 0.62890625 0.43125 0.14375 0.1390625
19 0.634375 0.42890625 0.15 0.1375
19 0.66015625 0.334375 0.065625 0.0453125
19 0.66015625 0.334375 0.0671875 0.040625
19 0.60703125 0.3140625 0.053125 0.0484375
19 0.609375 0.3125 0.0578125 0.0453125
19 0.8640625 0.26953125 0.16875 0.125
19 0.8609375 0.26796875 0.175 0.115625
19 0.6296875 0.25703125 0.0671875 0.05625
19 0.62890625 0.2546875 0.065625 0.0453125