72 0.59140625 0.80859375 0.0765625 0.1421875
72 0.4890625 0.353125 0.08125 0.1203125
72 0.55859375 0.36640625 0.06875 0.096875
72 0.5359375 0.421875 0.071875 0.0984375
72 0.56015625 0.46875 0.0671875 0.1
72 0.4859375 0.4796875 0.06875 0.11875
72 0.709375 0.55546875 0.075 0.10625
72 0.7796875 0.5640625 0.0765625 0.1125
72 0.74765625 0.634375 0.0671875 0.10625
72 0.69609375 0.66328125 0.0765625 0.0984375
72 0.77890625 0.6703125 0.0578125 0.1
72 0.7328125 0.77734375 0.084375 0.128125
72 0.65625 0.77421875 0.084375 0.0921875
72 0.49375 0.79453125 0.08125 0.0984375
72 0.69609375 0.8375 0.08125 0.115625
72 0.53125 0.884375 0.075 0.10625
72 0.74375 0.9 0.071875 0.1390625
72 0.65859375 0.90390625 0.0984375 0.1453125
72 0.4984375 0.9203125 0.08125 0.13125
72 0.58046875 0.93046875 0.0796875 0.134375