0 0.8140625 0.4734375 0.10625 0.15625
0 0.2671875 0.67578125 0.1390625 0.4734375
0 0.6671875 0.88828125 0.0375 0.0203125
0 0.5015625 0.8859375 0.028125 0.021875
0 0.525 0.88203125 0.01875 0.01875
0 0.146875 0.68984375 0.11875 0.40625
0 0.703125 0.88125 0.025 0.0125
0 0.05859375 0.83515625 0.0671875 0.08125
0 0.83515625 0.86171875 0.040625 0.021875
0 0.9015625 0.85546875 0.05 0.0359375
0 0.46484375 0.709375 0.2625 0.2875
0 0.94609375 0.83203125 0.03125 0.0375
0 0.73828125 0.60703125 0.25625 0.325
0 0.96875 0.60078125 0.059375 0.2296875
0 0.0265625 0.609375 0.03125 0.065625
0 0.4484375 0.521875 0.134375 0.1078125
0 0.05390625 0.5484375 0.0125 0.009375
0 0.97734375 0.44140625 0.04375 0.125
0 0.00859375 0.4640625 0.0171875 0.0359375
0 0.071875 0.46171875 0.00625 0.00625
0 0.07578125 0.453125 0.009375 0.009375
0 0.0109375 0.44375 0.0140625 0.025
0 0.4375 0.225 0.3078125 0.44375
0 0.69375 0.22265625 0.25625 0.44375
0 0.0875 0.4390625 0.0171875 0.009375
0 0.09609375 0.428125 0.009375 0.01875
0 0.9203125 0.25234375 0.059375 0.134375
0 0.1234375 0.2953125 0.0140625 0.0171875
0 0.13359375 0.2953125 0.009375 0.0171875
0 0.0765625 0.1609375 0.0671875 0.2546875
0 0.13828125 0.2671875 0.0140625 0.0171875
0 0.96640625 0.14921875 0.065625 0.2015625
0 0.88671875 0.1578125 0.10625 0.134375
0 0.18125 0.18046875 0.03125 0.028125
0 0.1875 0.15 0.0140625 0.0140625
0 0.19609375 0.140625 0.01875 0.021875
0 0.90390625 0.0734375 0.1515625 0.14375
0 0.20703125 0.06875 0.090625 0.1203125