49 0.8796875 0.728125 0.1859375 0.1875
49 0.009375 0.37265625 0.01875 0.0734375
49 0.0109375 0.30546875 0.021875 0.0625
49 0.0765625 0.50078125 0.153125 0.0984375
49 0.084375 0.40859375 0.134375 0.1078125
49 0.08203125 0.22734375 0.1140625 0.0703125
49 0.0875 0.2828125 0.1078125 0.0765625
49 0.2046875 0.7484375 0.1703125 0.1859375
49 0.19140625 0.20703125 0.1078125 0.0828125
49 0.2203125 0.52890625 0.146875 0.128125
49 0.20546875 0.31015625 0.115625 0.0890625
49 0.19609375 0.1609375 0.0890625 0.0609375
49 0.2203125 0.3734375 0.128125 0.09375
49 0.3140625 0.234375 0.1015625 0.071875
49 0.33046875 0.2859375 0.10625 0.0765625
49 0.35 0.41015625 0.1328125 0.096875
49 0.38203125 0.4953125 0.146875 0.125
49 0.42421875 0.21171875 0.10625 0.06875
49 0.4515625 0.31015625 0.1203125 0.0828125
49 0.48203125 0.3765625 0.128125 0.1015625
49 0.54296875 0.23203125 0.1078125 0.071875
49 0.56484375 0.27734375 0.090625 0.0671875
49 0.61171875 0.546875 0.153125 0.1140625
49 0.6609375 0.65390625 0.1515625 0.125
49 0.6890625 0.415625 0.1375 0.1078125
49 0.74765625 0.5046875 0.1515625 0.103125
49 0.75859375 0.3171875 0.128125 0.0796875
49 0.8171875 0.39296875 0.1328125 0.084375
49 0.86171875 0.28359375 0.1203125 0.0921875
49 0.9203125 0.540625 0.15625 0.128125
49 0.9515625 0.41953125 0.0921875 0.103125
49 0.96484375 0.6515625 0.0671875 0.1515625
49 0.9703125 0.30625 0.0578125 0.0765625