72 0.02265625 0.1578125 0.0453125 0.3140625
72 0.03515625 0.35078125 0.0703125 0.1640625
72 0.0875 0.7609375 0.175 0.3375
72 0.08984375 0.93359375 0.1796875 0.1296875
72 0.125 0.50234375 0.25 0.375
72 0.0796875 0.19609375 0.0765625 0.2796875
72 0.19921875 0.19921875 0.253125 0.3875
72 0.27421875 0.953125 0.2703125 0.09375
72 0.27734375 0.7765625 0.2640625 0.428125
72 0.38671875 0.44609375 0.275 0.4328125
72 0.4390625 0.1734375 0.2359375 0.240625
72 0.41640625 0.97421875 0.1578125 0.0515625
72 0.52734375 0.79921875 0.2640625 0.4015625
72 0.61171875 0.4265625 0.2703125 0.3953125
72 0.66171875 0.16796875 0.2484375 0.3359375
72 0.70078125 0.834375 0.2265625 0.3296875
72 0.70546875 0.5453125 0.2015625 0.2828125
72 0.853125 0.3421875 0.2390625 0.3828125
72 0.8328125 0.72734375 0.18125 0.3921875
72 0.91328125 0.6359375 0.1703125 0.3203125
72 0.93984375 0.86875 0.11875 0.259375
72 0.97578125 0.36875 0.0453125 0.259375