48 0.36328125 0.85703125 0.053125 0.040625
48 0.40625 0.8375 0.0453125 0.0359375
48 0.365625 0.81953125 0.0484375 0.028125
48 0.459375 0.80859375 0.0578125 0.034375
48 0.41015625 0.79296875 0.034375 0.04375
48 0.38125 0.79921875 0.0171875 0.021875
48 0.33984375 0.78984375 0.0453125 0.034375
48 0.540625 0.7828125 0.0359375 0.034375
48 0.39296875 0.7796875 0.0171875 0.034375
48 0.4953125 0.78359375 0.065625 0.025
48 0.35078125 0.771875 0.0484375 0.028125
48 0.43046875 0.75703125 0.040625 0.053125
48 0.56015625 0.75390625 0.053125 0.0453125
48 0.30625 0.75625 0.0375 0.03125
48 0.62109375 0.7390625 0.08125 0.059375
48 0.50859375 0.73671875 0.075 0.0453125
48 0.3296875 0.734375 0.0484375 0.0359375
48 0.540625 0.71640625 0.0796875 0.0578125
48 0.3921875 0.72109375 0.0484375 0.0375
48 0.4328125 0.7046875 0.0578125 0.0453125
48 0.66796875 0.6984375 0.0625 0.0453125
48 0.4671875 0.703125 0.04375 0.025
48 0.31953125 0.69375 0.0265625 0.0359375
48 0.56953125 0.68984375 0.075 0.0375
48 0.334375 0.6875 0.0265625 0.0453125
48 0.2859375 0.6921875 0.04375 0.0265625
48 0.71640625 0.67421875 0.0796875 0.065625
48 0.37734375 0.6765625 0.053125 0.053125
48 0.5046875 0.68125 0.0375 0.0359375
48 0.7859375 0.671875 0.053125 0.0453125
48 0.45078125 0.665625 0.06875 0.04375
48 0.61640625 0.65390625 0.053125 0.0671875
48 0.2953125 0.6625 0.05 0.025
48 0.55390625 0.640625 0.075 0.053125
48 0.32578125 0.64296875 0.040625 0.0453125
48 0.4109375 0.64296875 0.0359375 0.0359375
48 0.66796875 0.63125 0.075 0.0578125
48 0.83515625 0.61875 0.0671875 0.08125
48 0.4796875 0.6296875 0.0671875 0.05
48 0.74296875 0.6296875 0.06875 0.040625
48 0.29921875 0.63125 0.0359375 0.021875
48 0.3890625 0.6078125 0.05 0.04375
48 0.6 0.58984375 0.08125 0.0765625
48 0.33671875 0.60703125 0.053125 0.0375
48 0.76328125 0.59609375 0.0765625 0.05
48 0.3453125 0.6 0.0359375 0.028125
48 0.30859375 0.5921875 0.025 0.0265625
48 0.51328125 0.57109375 0.084375 0.06875
48 0.43359375 0.5765625 0.0578125 0.05
48 0.71484375 0.57421875 0.0375 0.0375
48 0.571875 0.55859375 0.0359375 0.0625
48 0.81953125 0.571875 0.0359375 0.025
48 0.3453125 0.55625 0.0359375 0.04375
48 0.3890625 0.5515625 0.0625 0.040625
48 0.3140625 0.553125 0.0265625 0.028125
48 0.7640625 0.5328125 0.0796875 0.06875
48 0.63671875 0.53828125 0.075 0.05
48 0.70703125 0.53984375 0.05625 0.034375
48 0.48828125 0.515625 0.0625 0.05
48 0.36171875 0.51796875 0.0578125 0.0375
48 0.31640625 0.51796875 0.034375 0.028125
48 0.40234375 0.5171875 0.0671875 0.025
48 0.5375 0.5015625 0.0796875 0.0484375
48 0.4328125 0.5 0.0578125 0.0453125
48 0.75234375 0.4796875 0.0625 0.0671875
48 0.33203125 0.49375 0.0375 0.021875
48 0.59765625 0.4703125 0.0796875 0.065625
48 0.5359375 0.475 0.028125 0.05
48 0.67578125 0.47578125 0.05625 0.040625
48 0.35546875 0.47578125 0.0453125 0.021875
48 0.30546875 0.459375 0.040625 0.0375
48 0.47109375 0.45546875 0.053125 0.04375
48 0.33984375 0.4515625 0.0359375 0.034375
48 0.38203125 0.446875 0.0359375 0.04375
48 0.4234375 0.44140625 0.05625 0.05
48 0.53125 0.43125 0.0375 0.05625
48 0.71484375 0.4265625 0.075 0.059375
48 0.65390625 0.4359375 0.0578125 0.028125
48 0.58984375 0.41796875 0.075 0.040625
48 0.37109375 0.4109375 0.0484375 0.04375
48 0.478125 0.396875 0.0671875 0.0484375
48 0.41015625 0.396875 0.04375 0.0453125
48 0.6625 0.38203125 0.075 0.059375
48 0.3609375 0.38671875 0.0484375 0.040625
48 0.43515625 0.38671875 0.04375 0.0359375
48 0.60078125 0.36328125 0.065625 0.0578125
48 0.54453125 0.35703125 0.065625 0.059375
48 0.50390625 0.3484375 0.05 0.05
48 0.475 0.34609375 0.0484375 0.0453125
48 0.44609375 0.35234375 0.034375 0.0265625
48 0.6734375 0.33671875 0.06875 0.0578125
48 0.4171875 0.3421875 0.0375 0.034375
48 0.5828125 0.3234375 0.0484375 0.0453125
48 0.45703125 0.321875 0.0375 0.0375
48 0.62734375 0.30546875 0.04375 0.065625
48 0.48671875 0.30546875 0.065625 0.0359375
48 0.54296875 0.2765625 0.075 0.0625
48 0.4828125 0.2796875 0.040625 0.025
48 0.44609375 0.275 0.01875 0.028125
48 0.59609375 0.2609375 0.075 0.0484375
48 0.4859375 0.234375 0.0578125 0.0484375
48 0.59140625 0.22734375 0.053125 0.0359375
48 0.5375 0.203125 0.0578125 0.0453125