48 0.14296875 0.36328125 0.040625 0.053125
48 0.1625 0.40625 0.0359375 0.0453125
48 0.18046875 0.365625 0.0296875 0.0484375
48 0.19140625 0.459375 0.034375 0.0578125
48 0.20703125 0.41015625 0.04375 0.034375
48 0.20078125 0.38125 0.021875 0.0171875
48 0.21015625 0.33984375 0.034375 0.0453125
48 0.2171875 0.540625 0.034375 0.0359375
48 0.2203125 0.39296875 0.034375 0.0171875
48 0.21640625 0.4953125 0.025 0.065625
48 0.228125 0.35078125 0.0296875 0.0484375
48 0.24296875 0.43046875 0.053125 0.040625
48 0.24609375 0.56015625 0.0453125 0.053125
48 0.24375 0.30625 0.03125 0.0390625
48 0.2609375 0.62109375 0.0609375 0.0828125
48 0.26328125 0.50859375 0.0453125 0.075
48 0.265625 0.3296875 0.0359375 0.0484375
48 0.28359375 0.540625 0.0578125 0.0796875
48 0.27890625 0.3921875 0.0390625 0.0484375
48 0.2953125 0.4328125 0.0453125 0.0578125
48 0.3015625 0.66796875 0.0453125 0.0625
48 0.296875 0.4671875 0.025 0.04375
48 0.30625 0.31953125 0.0359375 0.0265625
48 0.31015625 0.56953125 0.0390625 0.075
48 0.3125 0.334375 0.0453125 0.0265625
48 0.3078125 0.2859375 0.0265625 0.04375
48 0.32578125 0.71640625 0.0640625 0.0796875
48 0.3234375 0.37734375 0.053125 0.053125
48 0.31875 0.5046875 0.0359375 0.0390625
48 0.328125 0.7859375 0.0453125 0.053125
48 0.334375 0.45078125 0.04375 0.0703125
48 0.34609375 0.61640625 0.0671875 0.053125
48 0.3375 0.2953125 0.0234375 0.0515625
48 0.359375 0.55390625 0.053125 0.075
48 0.35703125 0.32578125 0.0453125 0.040625
48 0.35703125 0.4109375 0.0359375 0.0359375
48 0.36875 0.66796875 0.0578125 0.075
48 0.38125 0.83515625 0.0828125 0.0671875
48 0.3703125 0.4796875 0.0515625 0.0671875
48 0.3703125 0.74296875 0.040625 0.0703125
48 0.36875 0.29921875 0.021875 0.0359375
48 0.3921875 0.3890625 0.04375 0.0515625
48 0.41015625 0.6 0.0765625 0.0828125
48 0.39296875 0.33671875 0.0390625 0.053125
48 0.40390625 0.76328125 0.0515625 0.0765625
48 0.4 0.3453125 0.0296875 0.0359375
48 0.4078125 0.30859375 0.0265625 0.025
48 0.42890625 0.51328125 0.0703125 0.084375
48 0.4234375 0.43359375 0.0515625 0.0578125
48 0.42578125 0.71484375 0.0390625 0.0390625
48 0.44140625 0.571875 0.0625 0.0359375
48 0.428125 0.81953125 0.025 0.0359375
48 0.44375 0.3453125 0.04375 0.0359375
48 0.4484375 0.3890625 0.040625 0.0625
48 0.446875 0.3140625 0.0296875 0.0265625
48 0.4671875 0.7640625 0.0703125 0.0796875
48 0.46171875 0.63671875 0.0515625 0.075
48 0.46015625 0.70703125 0.034375 0.05625
48 0.484375 0.48828125 0.0515625 0.0625
48 0.48203125 0.36171875 0.0390625 0.0578125
48 0.48203125 0.31640625 0.0296875 0.034375
48 0.4828125 0.40234375 0.025 0.0671875
48 0.4984375 0.5375 0.0484375 0.0796875
48 0.5 0.4328125 0.0453125 0.0578125
48 0.5203125 0.75234375 0.0671875 0.0625
48 0.50625 0.33203125 0.021875 0.0390625
48 0.5296875 0.59765625 0.065625 0.0796875
48 0.525 0.5359375 0.0515625 0.028125
48 0.52421875 0.67578125 0.040625 0.05625
48 0.52421875 0.35546875 0.021875 0.0453125
48 0.540625 0.30546875 0.0390625 0.040625
48 0.54453125 0.47109375 0.04375 0.053125
48 0.5484375 0.33984375 0.034375 0.0359375
48 0.553125 0.38203125 0.04375 0.0359375
48 0.55859375 0.4234375 0.0515625 0.0546875
48 0.56875 0.53125 0.05625 0.0390625
48 0.5734375 0.71484375 0.059375 0.075
48 0.5640625 0.65390625 0.028125 0.0578125
48 0.58203125 0.58984375 0.040625 0.075
48 0.5890625 0.37109375 0.04375 0.0484375
48 0.603125 0.478125 0.0484375 0.0671875
48 0.603125 0.41015625 0.0453125 0.04375
48 0.61796875 0.6625 0.059375 0.075
48 0.61328125 0.3609375 0.040625 0.0484375
48 0.61328125 0.43515625 0.0359375 0.04375
48 0.63671875 0.60078125 0.0578125 0.065625
48 0.64296875 0.54453125 0.059375 0.065625
48 0.6515625 0.50390625 0.0515625 0.0515625
48 0.65390625 0.475 0.0453125 0.0484375
48 0.64765625 0.44609375 0.0265625 0.034375
48 0.66328125 0.6734375 0.0578125 0.0703125
48 0.6578125 0.4171875 0.034375 0.0390625
48 0.6765625 0.5828125 0.0453125 0.0484375
48 0.678125 0.45703125 0.0390625 0.0390625
48 0.69453125 0.62734375 0.065625 0.04375
48 0.69453125 0.48671875 0.0359375 0.065625
48 0.7234375 0.54296875 0.0625 0.075
48 0.7203125 0.4828125 0.025 0.040625
48 0.725 0.44609375 0.028125 0.0203125
48 0.7390625 0.59609375 0.0484375 0.075
48 0.765625 0.4859375 0.0484375 0.0578125
48 0.77265625 0.59140625 0.0359375 0.053125
48 0.796875 0.5375 0.0453125 0.0578125