19 0.02734375 0.565625 0.0546875 0.1
19 0.0828125 0.35078125 0.09375 0.13125
19 0.1203125 0.33203125 0.075 0.1125
19 0.18125 0.46171875 0.096875 0.1390625
19 0.2796875 0.19453125 0.0578125 0.153125
19 0.3390625 0.2359375 0.1 0.1421875
19 0.46171875 0.2703125 0.075 0.1625
19 0.4734375 0.16484375 0.053125 0.065625
19 0.53125 0.27421875 0.06875 0.1
19 0.5328125 0.1890625 0.05625 0.0875
19 0.5578125 0.875 0.075 0.1
19 0.56484375 0.13359375 0.06875 0.096875
19 0.584375 0.95859375 0.075 0.0828125
19 0.61328125 0.38203125 0.1125 0.1515625
19 0.571875 0.22109375 0.028125 0.075
19 0.61875 0.91953125 0.059375 0.0765625
19 0.65390625 0.978125 0.059375 0.04375
19 0.7546875 0.74296875 0.115625 0.16875
19 0.79453125 0.87890625 0.1078125 0.128125
19 0.85 0.790625 0.125 0.1515625
19 0.90625 0.84765625 0.1078125 0.1828125