54 0.04921875 0.06484375 0.0765625 0.090625
54 0.04921875 0.58671875 0.075 0.1015625
54 0.05546875 0.6765625 0.0828125 0.0828125
54 0.0578125 0.15625 0.0828125 0.0984375
54 0.0578125 0.3703125 0.0765625 0.103125
54 0.06484375 0.265625 0.071875 0.103125
54 0.06640625 0.79296875 0.071875 0.1109375
54 0.06875 0.88125 0.0703125 0.0578125
54 0.1359375 0.41796875 0.0828125 0.0984375
54 0.1359375 0.8453125 0.0671875 0.1015625
54 0.1296875 0.03359375 0.0453125 0.03125
54 0.14296875 0.52421875 0.0703125 0.1078125
54 0.22109375 0.678125 0.0796875 0.084375
54 0.2171875 0.03359375 0.065625 0.0515625
54 0.22109375 0.7875 0.0703125 0.103125
54 0.21015625 0.59375 0.0390625 0.10625
54 0.74375 0.0625 0.065625 0.1015625
54 0.8296875 0.21015625 0.0828125 0.0921875
54 0.83671875 0.1078125 0.0765625 0.1078125
54 0.828125 0.3234375 0.053125 0.10625
54 0.90859375 0.0671875 0.0765625 0.0921875
54 0.91484375 0.14921875 0.0890625 0.0921875
54 0.9078125 0.25859375 0.0703125 0.1015625
54 0.921875 0.3703125 0.0890625 0.084375
54 0.9109375 0.5890625 0.065625 0.1015625
54 0.92421875 0.478125 0.0921875 0.1140625
54 0.91953125 0.88125 0.0703125 0.0578125
54 0.9671875 0.521875 0.034375 0.084375