69 0.61328125 0.08515625 0.0875 0.11875
69 0.36796875 0.18359375 0.05 0.1421875
69 0.41796875 0.15859375 0.0890625 0.096875
69 0.4265625 0.26953125 0.0578125 0.1296875
69 0.4734375 0.48203125 0.0671875 0.1
69 0.47109375 0.22734375 0.0484375 0.1421875
69 0.50625 0.4828125 0.08125 0.1390625
69 0.50703125 0.4109375 0.059375 0.09375
69 0.56015625 0.46640625 0.059375 0.146875
69 0.5984375 0.4625 0.06875 0.1390625
69 0.6046875 0.74296875 0.075 0.134375
69 0.634375 0.725 0.0765625 0.1109375
69 0.63828125 0.68046875 0.059375 0.096875
69 0.65625 0.81953125 0.09375 0.075
69 0.67578125 0.75 0.0625 0.128125
69 0.71484375 0.775 0.075 0.115625
69 0.86875 0.6203125 0.25625 0.45625