76 0.4203125 0.44921875 0.5984375 0.678125
76 0.1875 0.86796875 0.2859375 0.1828125
76 0.1828125 0.94453125 0.2453125 0.1109375
76 0.16953125 0.58984375 0.1390625 0.13125
76 0.25703125 0.37734375 0.2546875 0.071875
76 0.26953125 0.2921875 0.259375 0.084375
76 0.2859375 0.2125 0.278125 0.1296875
76 0.23828125 0.12109375 0.134375 0.0796875
76 0.30390625 0.08984375 0.225 0.09375
76 0.3953125 0.7546875 0.3625 0.209375
76 0.42890625 0.88671875 0.4015625 0.225
76 0.5171875 0.10546875 0.2328125 0.1
76 0.7703125 0.55078125 0.3625 0.15
76 0.79453125 0.89921875 0.40625 0.196875
76 0.78828125 0.7140625 0.375 0.184375
76 0.77421875 0.09375 0.24375 0.146875
76 0.82421875 0.20546875 0.190625 0.165625
76 0.8484375 0.38359375 0.18125 0.146875