58 0.1203125 0.57578125 0.240625 0.478125
58 0.3390625 0.52890625 0.1875 0.3609375
58 0.4671875 0.49609375 0.1375 0.2546875
58 0.55546875 0.49296875 0.084375 0.190625
58 0.609375 0.46484375 0.065625 0.1765625
58 0.66953125 0.4484375 0.0765625 0.165625
58 0.71015625 0.43515625 0.0546875 0.1109375
58 0.73828125 0.43359375 0.0296875 0.1140625
58 0.76796875 0.42890625 0.034375 0.0890625
58 0.78359375 0.43046875 0.025 0.096875
58 0.80390625 0.42421875 0.03125 0.0890625
58 0.81953125 0.42421875 0.03125 0.071875
58 0.84765625 0.41953125 0.0296875 0.0546875
58 0.88671875 0.4078125 0.0359375 0.0796875
58 0.94453125 0.39296875 0.025 0.0625
58 0.96640625 0.390625 0.0171875 0.0609375
58 0.9890625 0.3953125 0.0203125 0.0546875