21 0.60078125 0.06875 0.1625 0.1375
21 0.85703125 0.06953125 0.115625 0.1390625
21 0.20078125 0.078125 0.184375 0.15625
21 0.4265625 0.21015625 0.14375 0.1390625
21 0.8859375 0.27734375 0.11875 0.128125
21 0.1453125 0.3265625 0.175 0.1703125
21 0.603125 0.38359375 0.15 0.1421875
21 0.8125 0.45546875 0.125 0.0796875
21 0.2875 0.4828125 0.1 0.03125
21 0.20078125 0.615625 0.225 0.24375
21 0.78828125 0.55859375 0.0875 0.0984375
21 0.66796875 0.59375 0.1 0.0984375
21 0.9234375 0.59765625 0.090625 0.096875
21 0.475 0.625 0.05625 0.128125
21 0.40625 0.6703125 0.1421875 0.1828125
21 0.8484375 0.66484375 0.0984375 0.1140625
21 0.60234375 0.68984375 0.1203125 0.1
21 0.96484375 0.71875 0.06875 0.090625
21 0.47109375 0.7921875 0.059375 0.13125
21 0.8765625 0.7796875 0.08125 0.1015625
21 0.1921875 0.87109375 0.25 0.2578125
21 0.60234375 0.8078125 0.115625 0.11875
21 0.7140625 0.8375 0.09375 0.1140625
21 0.36640625 0.90234375 0.1421875 0.1953125
21 0.97109375 0.86328125 0.0578125 0.0921875
21 0.8265625 0.890625 0.096875 0.096875
21 0.66484375 0.928125 0.1078125 0.10625
21 0.4484375 0.94140625 0.0984375 0.115625