69 0.02734375 0.621875 0.0546875 0.0875
69 0.0421875 0.3609375 0.084375 0.21875
69 0.06640625 0.4796875 0.1328125 0.253125
69 0.109375 0.76875 0.21875 0.4625
69 0.4984375 0.4984375 0.996875 0.996875
69 0.1875 0.11171875 0.2703125 0.2234375
69 0.19375 0.4203125 0.2171875 0.290625
69 0.23828125 0.8578125 0.2890625 0.2796875
69 0.234375 0.17578125 0.1703125 0.18125
69 0.3078125 0.740625 0.221875 0.4140625
69 0.3703125 0.296875 0.2390625 0.4859375
69 0.509375 0.43984375 0.2953125 0.4
69 0.46875 0.1765625 0.1828125 0.2390625
69 0.53125 0.75625 0.2390625 0.4859375
69 0.6609375 0.9125 0.3421875 0.1734375
69 0.58671875 0.05859375 0.1140625 0.1171875
69 0.67421875 0.2484375 0.209375 0.253125
69 0.80625 0.6578125 0.35625 0.5140625
69 0.73203125 0.11640625 0.1703125 0.196875
69 0.7875 0.32421875 0.2625 0.196875
69 0.71640625 0.4859375 0.090625 0.178125
69 0.81484375 0.4234375 0.2640625 0.2765625
69 0.89453125 0.084375 0.178125 0.1546875
69 0.9265625 0.88046875 0.146875 0.2390625
69 0.95546875 0.22734375 0.084375 0.2046875
69 0.9671875 0.4171875 0.0609375 0.2765625
69 0.984375 0.66328125 0.0296875 0.196875