9 0.55390625 0.05625 0.4015625 0.1125
9 0.49765625 0.1078125 0.0796875 0.075
9 0.54921875 0.165625 0.40625 0.1078125
9 0.53984375 0.296875 0.3921875 0.090625
9 0.6546875 0.3578125 0.184375 0.1
9 0.46015625 0.37265625 0.215625 0.0984375
9 0.53515625 0.4859375 0.3484375 0.134375
9 0.49609375 0.54921875 0.071875 0.090625
9 0.5515625 0.61171875 0.3296875 0.1390625
9 0.5109375 0.76171875 0.3 0.0625
9 0.52421875 0.828125 0.2328125 0.0984375
9 0.5453125 0.9015625 0.240625 0.0765625
9 0.49296875 0.9625 0.346875 0.0703125