72 0.4046875 0.57578125 0.18125 0.1734375
72 0.02421875 0.0875 0.0453125 0.059375
72 0.0765625 0.12109375 0.059375 0.059375
72 0.02265625 0.15859375 0.04375 0.053125
72 0.27890625 0.178125 0.071875 0.0671875
72 0.34375 0.2125 0.06875 0.075
72 0.21640625 0.20078125 0.05625 0.0484375
72 0.20703125 0.24765625 0.065625 0.05625
72 0.4375 0.265625 0.0671875 0.0578125
72 0.2609375 0.2796875 0.103125 0.0875
72 0.3578125 0.2859375 0.090625 0.065625
72 0.41796875 0.30625 0.05 0.034375
72 0.29921875 0.45078125 0.2125 0.1625
72 0.1890625 0.5921875 0.26875 0.128125
72 0.56484375 0.5984375 0.1078125 0.103125
72 0.50859375 0.68359375 0.1921875 0.128125
72 0.1453125 0.76328125 0.16875 0.1765625