69 0.02265625 0.1359375 0.0390625 0.025
69 0.05546875 0.48203125 0.065625 0.034375
69 0.0671875 0.45703125 0.0828125 0.0453125
69 0.1203125 0.24296875 0.0546875 0.03125
69 0.11875 0.1625 0.0453125 0.021875
69 0.12109375 0.146875 0.0484375 0.0296875
69 0.134375 0.228125 0.0484375 0.0265625
69 0.134375 0.3328125 0.040625 0.0390625
69 0.14296875 0.353125 0.0453125 0.0328125
69 0.171875 0.3125 0.0484375 0.0390625
69 0.178125 0.21875 0.0359375 0.0203125
69 0.1984375 0.4171875 0.0609375 0.034375
69 0.2453125 0.49140625 0.071875 0.04375
69 0.2328125 0.4 0.0453125 0.0390625
69 0.25390625 0.521875 0.0765625 0.0703125
69 0.25390625 0.4109375 0.053125 0.04375
69 0.25234375 0.16015625 0.0453125 0.0296875
69 0.2609375 0.17578125 0.0453125 0.0359375
69 0.30390625 0.265625 0.0453125 0.0359375
69 0.32109375 0.29296875 0.04375 0.0265625
69 0.34140625 0.2765625 0.0640625 0.0296875
69 0.3546875 0.16484375 0.0453125 0.0203125
69 0.36875 0.37109375 0.0765625 0.0390625
69 0.359375 0.1875 0.0515625 0.03125
69 0.3765625 0.42578125 0.0640625 0.0453125
69 0.3859375 0.5015625 0.065625 0.05625
69 0.384375 0.15390625 0.0515625 0.0203125
69 0.39921875 0.53359375 0.0703125 0.065625
69 0.43046875 0.484375 0.0625 0.0515625
69 0.48203125 0.20078125 0.0609375 0.0296875
69 0.484375 0.2171875 0.0609375 0.025
69 0.5359375 0.31953125 0.071875 0.034375
69 0.54453125 0.296875 0.059375 0.025
69 0.5796875 0.6078125 0.0875 0.0515625
69 0.57578125 0.5734375 0.065625 0.040625
69 0.5734375 0.1765625 0.0390625 0.03125
69 0.5890625 0.428125 0.053125 0.04375
69 0.58515625 0.29453125 0.0390625 0.021875
69 0.5984375 0.16328125 0.034375 0.0328125
69 0.61328125 0.45078125 0.0625 0.0453125
69 0.62109375 0.40390625 0.0578125 0.0515625
69 0.625 0.1734375 0.040625 0.0296875
69 0.640625 0.2234375 0.05625 0.0296875
69 0.65625 0.24140625 0.065625 0.040625
69 0.7078125 0.53359375 0.071875 0.0515625
69 0.71015625 0.140625 0.065625 0.034375
69 0.73203125 0.51171875 0.0625 0.0453125
69 0.734375 0.1734375 0.0484375 0.0328125
69 0.7609375 0.3453125 0.0765625 0.0515625
69 0.75859375 0.2234375 0.04375 0.0296875
69 0.77890625 0.53125 0.065625 0.05625
69 0.77421875 0.24609375 0.053125 0.03125
69 0.796875 0.35 0.0765625 0.0515625
69 0.7875 0.2125 0.053125 0.034375
69 0.796875 0.3796875 0.0578125 0.0265625
69 0.81484375 0.63125 0.0875 0.053125
69 0.83984375 0.671875 0.0921875 0.0796875
69 0.88828125 0.47578125 0.0796875 0.0453125
69 0.90390625 0.1734375 0.040625 0.0296875
69 0.92421875 0.2640625 0.065625 0.0296875
69 0.9328125 0.2875 0.0703125 0.0328125
69 0.9265625 0.15859375 0.0515625 0.0296875
69 0.92578125 0.1890625 0.04375 0.021875
69 0.93359375 0.546875 0.0609375 0.075
69 0.97578125 0.63828125 0.0453125 0.053125
69 0.9890625 0.6921875 0.0203125 0.059375
69 0.99375 0.61875 0.009375 0.04375