69 0.8640625 0.02265625 0.025 0.0375
69 0.51796875 0.05546875 0.034375 0.065625
69 0.54296875 0.0671875 0.0453125 0.08125
69 0.75703125 0.1203125 0.03125 0.05625
69 0.8375 0.11875 0.021875 0.0453125
69 0.853125 0.12109375 0.028125 0.0484375
69 0.771875 0.134375 0.0265625 0.0484375
69 0.6671875 0.134375 0.0375 0.040625
69 0.646875 0.14296875 0.034375 0.0453125
69 0.6875 0.171875 0.0375 0.0484375
69 0.78125 0.178125 0.01875 0.0359375
69 0.5828125 0.1984375 0.034375 0.059375
69 0.50859375 0.2453125 0.04375 0.071875
69 0.6 0.2328125 0.0375 0.0453125
69 0.478125 0.25390625 0.06875 0.0765625
69 0.5890625 0.25390625 0.04375 0.053125
69 0.83984375 0.25234375 0.028125 0.0453125
69 0.82421875 0.2609375 0.0359375 0.0453125
69 0.734375 0.30390625 0.0359375 0.0453125
69 0.70703125 0.32109375 0.0265625 0.04375
69 0.7234375 0.34140625 0.028125 0.065625
69 0.83515625 0.3546875 0.01875 0.0453125
69 0.62890625 0.36875 0.0375 0.0765625
69 0.8125 0.359375 0.03125 0.05
69 0.57421875 0.3765625 0.0453125 0.065625
69 0.4984375 0.3859375 0.05625 0.065625
69 0.84609375 0.384375 0.01875 0.05
69 0.46640625 0.39921875 0.065625 0.06875
69 0.515625 0.43046875 0.05 0.0625
69 0.79921875 0.48203125 0.028125 0.059375
69 0.7828125 0.484375 0.025 0.059375
69 0.68046875 0.5359375 0.034375 0.071875
69 0.703125 0.54453125 0.025 0.059375
69 0.3921875 0.5796875 0.05 0.0875
69 0.4265625 0.57578125 0.040625 0.065625
69 0.8234375 0.5734375 0.03125 0.0375
69 0.571875 0.5890625 0.04375 0.053125
69 0.70546875 0.58515625 0.021875 0.0375
69 0.83671875 0.5984375 0.034375 0.034375
69 0.54921875 0.61328125 0.0453125 0.0625
69 0.59609375 0.62109375 0.05 0.0578125
69 0.8265625 0.625 0.028125 0.040625
69 0.7765625 0.640625 0.028125 0.05625
69 0.75859375 0.65625 0.040625 0.065625
69 0.46640625 0.7078125 0.05 0.071875
69 0.859375 0.71015625 0.034375 0.065625
69 0.48828125 0.73203125 0.0453125 0.0625
69 0.8265625 0.734375 0.034375 0.0484375
69 0.6546875 0.7609375 0.05 0.0765625
69 0.7765625 0.75859375 0.028125 0.04375
69 0.46875 0.77890625 0.05625 0.065625
69 0.75390625 0.77421875 0.03125 0.053125
69 0.65 0.796875 0.05 0.0765625
69 0.7875 0.7875 0.034375 0.053125
69 0.6203125 0.796875 0.0265625 0.0578125
69 0.36875 0.81484375 0.053125 0.0875
69 0.328125 0.83984375 0.0796875 0.090625
69 0.52421875 0.88828125 0.0453125 0.0796875
69 0.8265625 0.90390625 0.028125 0.040625
69 0.7359375 0.92421875 0.028125 0.065625
69 0.7125 0.9328125 0.034375 0.06875
69 0.84140625 0.9265625 0.028125 0.05
69 0.8109375 0.92578125 0.021875 0.04375
69 0.453125 0.93359375 0.075 0.059375
69 0.36171875 0.97578125 0.053125 0.0453125
69 0.3078125 0.9890625 0.059375 0.0203125
69 0.38125 0.99375 0.04375 0.009375