46 0.21640625 0.61171875 0.3421875 0.4109375
46 0.26953125 0.7921875 0.3421875 0.271875
46 0.41015625 0.11171875 0.4515625 0.1828125
46 0.27890625 0.26328125 0.1375 0.175
46 0.37109375 0.37265625 0.1078125 0.115625
46 0.4171875 0.8265625 0.18125 0.2234375
46 0.4375 0.29453125 0.1734375 0.1609375
46 0.56015625 0.5765625 0.1828125 0.1828125
46 0.59375 0.47265625 0.1203125 0.11875
46 0.7171875 0.328125 0.190625 0.1328125
46 0.71015625 0.8390625 0.1015625 0.1296875
46 0.82109375 0.7609375 0.228125 0.29375
46 0.77421875 0.42890625 0.0921875 0.0671875
46 0.859375 0.29921875 0.1703125 0.16875
46 0.85703125 0.41953125 0.1015625 0.0921875
46 0.8859375 0.5984375 0.1421875 0.146875