72 0.709375 0.99296875 0.01875 0.0140625
72 0.76796875 0.9640625 0.0984375 0.071875
72 0.66484375 0.96015625 0.13125 0.0796875
72 0.81953125 0.94375 0.034375 0.0765625
72 0.4578125 0.61328125 0.225 0.7328125
72 0.7515625 0.56484375 0.2625 0.68125
72 0.46015625 0.2296875 0.04375 0.0140625
72 0.4640625 0.209375 0.04375 0.028125
72 0.54296875 0.203125 0.03125 0.021875
72 0.45078125 0.1921875 0.021875 0.025
72 0.58046875 0.1890625 0.0484375 0.021875
72 0.53359375 0.18359375 0.053125 0.025
72 0.4546875 0.16796875 0.040625 0.021875
72 0.73203125 0.0953125 0.1875 0.1390625