72 0.00703125 0.709375 0.0140625 0.0203125
72 0.0359375 0.76796875 0.071875 0.0984375
72 0.03984375 0.66484375 0.0796875 0.1328125
72 0.05625 0.81953125 0.0765625 0.034375
72 0.38671875 0.4578125 0.7328125 0.225
72 0.43515625 0.7515625 0.68125 0.2625
72 0.7703125 0.46015625 0.0140625 0.04375
72 0.790625 0.4640625 0.028125 0.04375
72 0.796875 0.54296875 0.021875 0.03125
72 0.8078125 0.45078125 0.0234375 0.021875
72 0.8109375 0.58046875 0.021875 0.0484375
72 0.81640625 0.53359375 0.025 0.053125
72 0.83203125 0.4546875 0.021875 0.040625
72 0.9046875 0.73203125 0.1390625 0.1875