48 0.35546875 0.146875 0.065625 0.040625
48 0.3921875 0.18515625 0.059375 0.0453125
48 0.34375 0.1859375 0.053125 0.04375
48 0.7140625 0.2234375 0.05 0.059375
48 0.828125 0.22109375 0.053125 0.0453125
48 0.80390625 0.22109375 0.05625 0.04375
48 0.759375 0.24375 0.0625 0.0578125
48 0.61875 0.2453125 0.09375 0.05625
48 0.8640625 0.26171875 0.03125 0.028125
48 0.8109375 0.275 0.040625 0.0453125
48 0.8390625 0.27421875 0.0453125 0.0359375
48 0.6859375 0.28125 0.0453125 0.05
48 0.41328125 0.30078125 0.075 0.05
48 0.765625 0.29921875 0.05 0.0375
48 0.3296875 0.30859375 0.125 0.04375
48 0.4484375 0.31015625 0.1109375 0.0484375
48 0.72578125 0.31953125 0.05 0.04375
48 0.85703125 0.31875 0.0359375 0.034375
48 0.2859375 0.3296875 0.075 0.0375
48 0.77734375 0.3484375 0.0671875 0.0453125
48 0.24765625 0.359375 0.071875 0.0625
48 0.49375 0.34765625 0.0375 0.0359375
48 0.3890625 0.3546875 0.065625 0.040625
48 0.44609375 0.35546875 0.0578125 0.0375
48 0.8765625 0.359375 0.05 0.03125
48 0.2015625 0.37265625 0.0796875 0.0453125
48 0.74296875 0.375 0.04375 0.04375
48 0.8375 0.375 0.0578125 0.0453125
48 0.31875 0.3890625 0.1 0.065625
48 0.80859375 0.3859375 0.071875 0.05
48 0.08671875 0.3921875 0.090625 0.0625
48 0.390625 0.39453125 0.0875 0.05625
48 0.1578125 0.39296875 0.065625 0.040625
48 0.4671875 0.396875 0.0796875 0.0359375
48 0.5140625 0.4 0.0359375 0.034375
48 0.68359375 0.41953125 0.075 0.0625
48 0.03515625 0.42578125 0.0671875 0.06875
48 0.3390625 0.4234375 0.0453125 0.04375
48 0.20703125 0.43125 0.06875 0.05
48 0.30625 0.43359375 0.0671875 0.0453125
48 0.115625 0.4515625 0.11875 0.06875
48 0.39765625 0.4390625 0.06875 0.040625
48 0.45703125 0.446875 0.071875 0.05625
48 0.50390625 0.44140625 0.0484375 0.025
48 0.25859375 0.4640625 0.0625 0.05625
48 0.36796875 0.4625 0.0984375 0.0359375
48 0.525 0.47734375 0.05625 0.0453125
48 0.46875 0.4828125 0.08125 0.0484375
48 0.171875 0.4890625 0.0625 0.059375
48 0.09609375 0.50625 0.0890625 0.0453125
48 0.2875 0.50859375 0.08125 0.028125
48 0.36328125 0.5203125 0.0578125 0.05
48 0.48203125 0.51796875 0.065625 0.0375
48 0.421875 0.53515625 0.0671875 0.04375
48 0.29453125 0.54296875 0.059375 0.040625
48 0.22578125 0.5609375 0.071875 0.065625
48 0.13125 0.5578125 0.0984375 0.05
48 0.396875 0.56875 0.075 0.0453125
48 0.4546875 0.5640625 0.028125 0.025
48 0.334375 0.5828125 0.075 0.053125
48 0.15625 0.60234375 0.10625 0.05625
48 0.18359375 0.615625 0.08125 0.065625
48 0.26328125 0.62265625 0.0671875 0.0625
48 0.3125 0.6203125 0.0265625 0.05
48 0.37265625 0.62265625 0.065625 0.0375
48 0.2015625 0.6625 0.09375 0.05