48 0.146875 0.64453125 0.040625 0.065625
48 0.18515625 0.6078125 0.0453125 0.059375
48 0.1859375 0.65625 0.04375 0.053125
48 0.2234375 0.2859375 0.0609375 0.0515625
48 0.22109375 0.171875 0.0453125 0.053125
48 0.22109375 0.19609375 0.04375 0.05625
48 0.24375 0.240625 0.0578125 0.0625
48 0.2453125 0.38125 0.0546875 0.09375
48 0.26171875 0.1359375 0.0296875 0.03125
48 0.275 0.1890625 0.0453125 0.040625
48 0.27421875 0.1609375 0.0359375 0.0453125
48 0.28125 0.3140625 0.0515625 0.0453125
48 0.30078125 0.58671875 0.0515625 0.075
48 0.29921875 0.234375 0.0390625 0.0515625
48 0.30859375 0.6703125 0.04375 0.125
48 0.31015625 0.5515625 0.0484375 0.1109375
48 0.31953125 0.27421875 0.04375 0.0515625
48 0.31875 0.14296875 0.0328125 0.0359375
48 0.3296875 0.7140625 0.0390625 0.075
48 0.3484375 0.22265625 0.0453125 0.0671875
48 0.359375 0.75234375 0.0625 0.071875
48 0.34765625 0.50625 0.0359375 0.0390625
48 0.3546875 0.6109375 0.040625 0.065625
48 0.35546875 0.55390625 0.0390625 0.0578125
48 0.359375 0.1234375 0.03125 0.0515625
48 0.37265625 0.7984375 0.0453125 0.0796875
48 0.375 0.25703125 0.04375 0.04375
48 0.375 0.1625 0.0453125 0.0578125
48 0.3890625 0.68125 0.065625 0.1015625
48 0.3859375 0.19140625 0.0515625 0.071875
48 0.3921875 0.91328125 0.0625 0.0921875
48 0.39453125 0.609375 0.05625 0.0875
48 0.39296875 0.8421875 0.040625 0.065625
48 0.396875 0.5328125 0.0359375 0.0796875
48 0.4 0.4859375 0.0328125 0.0359375
48 0.41953125 0.31640625 0.0625 0.075
48 0.42578125 0.96484375 0.0703125 0.0671875
48 0.4234375 0.6609375 0.04375 0.0453125
48 0.43125 0.79296875 0.0515625 0.0703125
48 0.43359375 0.69375 0.0453125 0.0671875
48 0.4515625 0.884375 0.0703125 0.11875
48 0.4390625 0.60234375 0.040625 0.0703125
48 0.446875 0.54296875 0.05625 0.071875
48 0.44140625 0.49609375 0.025 0.0484375
48 0.4640625 0.74140625 0.05625 0.0625
48 0.4625 0.63203125 0.0359375 0.0984375
48 0.47734375 0.475 0.0453125 0.05625
48 0.4828125 0.53125 0.0484375 0.0828125
48 0.4890625 0.828125 0.0609375 0.0625
48 0.50625 0.90390625 0.0453125 0.0890625
48 0.50859375 0.7125 0.0296875 0.0828125
48 0.5203125 0.63671875 0.0515625 0.0578125
48 0.51796875 0.51796875 0.0390625 0.065625
48 0.53515625 0.578125 0.04375 0.0671875
48 0.54296875 0.70546875 0.040625 0.059375
48 0.5609375 0.77421875 0.065625 0.071875
48 0.5578125 0.86875 0.0515625 0.0984375
48 0.56875 0.603125 0.0453125 0.075
48 0.5640625 0.5453125 0.025 0.028125
48 0.5828125 0.665625 0.053125 0.075
48 0.60234375 0.84375 0.0546875 0.10625
48 0.615625 0.81640625 0.065625 0.0828125
48 0.62265625 0.73671875 0.0625 0.0671875
48 0.6203125 0.6875 0.0515625 0.0265625
48 0.62265625 0.62734375 0.0390625 0.065625
48 0.6625 0.7984375 0.0515625 0.09375