58 0.46171875 0.31015625 0.0375 0.04375
58 0.21015625 0.31875 0.05625 0.021875
58 0.1140625 0.34375 0.01875 0.01875
58 0.40234375 0.34609375 0.01875 0.0140625
58 0.09375 0.34609375 0.021875 0.009375
58 0.39921875 0.35546875 0.01875 0.021875
58 0.09375 0.3609375 0.01875 0.0140625
58 0.11171875 0.36640625 0.01875 0.0140625
58 0.09609375 0.375 0.01875 0.0140625
58 0.10234375 0.39921875 0.05625 0.025
58 0.14453125 0.45078125 0.028125 0.025
58 0.38203125 0.45546875 0.034375 0.021875
58 0.46484375 0.48203125 0.0453125 0.059375
58 0.171875 0.5421875 0.059375 0.0265625
58 0.1625 0.57578125 0.040625 0.0125
58 0.29453125 0.75 0.05 0.021875
58 0.17421875 0.7828125 0.053125 0.028125
58 0.13671875 0.82578125 0.059375 0.034375
58 0.1921875 0.884375 0.04375 0.0265625
58 0.15625 0.94453125 0.053125 0.0296875