72 0.296875 0.85234375 0.034375 0.0375
72 0.31484375 0.73203125 0.025 0.03125
72 0.3421875 0.66484375 0.03125 0.028125
72 0.35 0.78984375 0.025 0.028125
72 0.35703125 0.81953125 0.0375 0.028125
72 0.359375 0.72109375 0.0359375 0.0453125
72 0.3765625 0.7921875 0.0265625 0.028125
72 0.3796875 0.63828125 0.03125 0.021875
72 0.39453125 0.69609375 0.021875 0.03125
72 0.4046875 0.78515625 0.034375 0.0359375
72 0.41015625 0.73046875 0.021875 0.04375
72 0.428125 0.790625 0.025 0.034375
72 0.45078125 0.88203125 0.0359375 0.05625