58 0.509375 0.73203125 0.153125 0.209375
58 0.01171875 0.19375 0.0234375 0.028125
58 0.0328125 0.7171875 0.065625 0.1078125
58 0.06484375 0.2515625 0.0359375 0.04375
58 0.103125 0.16015625 0.0171875 0.0171875
58 0.109375 0.1734375 0.01875 0.0171875
58 0.1515625 0.1890625 0.025 0.0265625
58 0.20703125 0.140625 0.0171875 0.021875
58 0.2234375 0.2984375 0.04375 0.053125
58 0.2453125 0.509375 0.0625 0.08125
58 0.2390625 0.19453125 0.03125 0.034375
58 0.23671875 0.146875 0.021875 0.0171875
58 0.24296875 0.2203125 0.0265625 0.034375
58 0.28359375 0.1453125 0.01875 0.0265625
58 0.3453125 0.1203125 0.01875 0.021875
58 0.384375 0.34765625 0.05 0.05625
58 0.38359375 0.15234375 0.03125 0.028125
58 0.4734375 0.203125 0.028125 0.0484375
58 0.4859375 0.1203125 0.01875 0.0265625
58 0.51328125 0.475 0.071875 0.0890625
58 0.6921875 0.08984375 0.00625 0.021875
58 0.71484375 0.0609375 0.01875 0.01875
58 0.71640625 0.0359375 0.0171875 0.0171875
58 0.72578125 0.0734375 0.0125 0.0140625
58 0.74765625 0.03515625 0.00625 0.0125
58 0.75625 0.04296875 0.0171875 0.0125
58 0.7859375 0.46640625 0.059375 0.10625
58 0.78359375 0.21171875 0.0453125 0.059375
58 0.771875 0.01953125 0.0125 0.0140625
58 0.83046875 0.12890625 0.0359375 0.040625
58 0.834375 0.02265625 0.0171875 0.01875
58 0.84765625 0.021875 0.01875 0.0140625
58 0.8609375 0.0953125 0.028125 0.028125
58 0.8578125 0.0109375 0.0125 0.00625
58 0.88203125 0.06640625 0.0265625 0.0265625
58 0.88671875 0.021875 0.0171875 0.0171875
58 0.89765625 0.03359375 0.0171875 0.0171875
58 0.9265625 0.01328125 0.0125 0.0171875
58 0.9546875 0.00234375 0.0125 0.0046875
58 0.9734375 0.06640625 0.0265625 0.0265625
58 0.978125 0.03515625 0.0125 0.01875
58 0.98203125 0.02421875 0.0140625 0.0140625
58 0.99140625 0.00390625 0.0171875 0.00625