72 0.396875 0.47578125 0.103125 0.1140625
72 0.0515625 0.08671875 0.0921875 0.0890625
72 0.11171875 0.053125 0.090625 0.0796875
72 0.24140625 0.22734375 0.0609375 0.0703125
72 0.28984375 0.74765625 0.04375 0.05625
72 0.39765625 0.4234375 0.0875 0.0703125
72 0.4578125 0.4984375 0.0484375 0.0578125
72 0.48203125 0.44140625 0.0703125 0.075
72 0.49375 0.2046875 0.071875 0.0671875
72 0.5484375 0.02890625 0.053125 0.0515625
72 0.5984375 0.04921875 0.0515625 0.053125
72 0.63203125 0.31015625 0.0671875 0.0640625
72 0.65625 0.36796875 0.09375 0.0921875