53 0.37734375 0.13359375 0.090625 0.053125
53 0.47109375 0.13359375 0.0875 0.0484375
53 0.2703125 0.1390625 0.0984375 0.05
53 0.1765625 0.1390625 0.0796875 0.0484375
53 0.62109375 0.14765625 0.0890625 0.0578125
53 0.72265625 0.14921875 0.096875 0.053125
53 0.81953125 0.14921875 0.096875 0.053125
53 0.47109375 0.196875 0.084375 0.053125
53 0.17578125 0.1984375 0.090625 0.05
53 0.37109375 0.20078125 0.090625 0.05625
53 0.27265625 0.19921875 0.084375 0.0484375
53 0.72734375 0.21640625 0.096875 0.05625
53 0.6234375 0.21875 0.090625 0.05
53 0.8234375 0.21875 0.09375 0.05
53 0.2703125 0.25703125 0.0890625 0.0578125
53 0.4671875 0.25703125 0.08125 0.05
53 0.3734375 0.259375 0.084375 0.053125
53 0.1765625 0.26171875 0.0890625 0.05
53 0.6296875 0.30546875 0.103125 0.05625
53 0.725 0.30625 0.09375 0.0578125
53 0.821875 0.3109375 0.090625 0.05625
53 0.47109375 0.31953125 0.084375 0.05625
53 0.37109375 0.31953125 0.0796875 0.05
53 0.2703125 0.3234375 0.08125 0.0484375
53 0.1765625 0.32421875 0.0765625 0.05
53 0.72734375 0.3734375 0.1 0.0578125
53 0.6265625 0.37734375 0.096875 0.05625
53 0.82421875 0.38203125 0.0875 0.05625
53 0.71171875 0.5265625 0.084375 0.0578125
53 0.6078125 0.52734375 0.090625 0.059375
53 0.79921875 0.52734375 0.0671875 0.05625
53 0.4234375 0.5359375 0.1125 0.053125
53 0.29296875 0.5359375 0.125 0.0484375
53 0.796875 0.60703125 0.06875 0.05625
53 0.70703125 0.60703125 0.0796875 0.053125
53 0.6078125 0.6109375 0.08125 0.053125
53 0.2875 0.61171875 0.10625 0.053125
53 0.4234375 0.61171875 0.1125 0.04375
53 0.60078125 0.6890625 0.0890625 0.0578125
53 0.80078125 0.6859375 0.0875 0.0484375
53 0.4234375 0.6875 0.1125 0.05
53 0.70546875 0.68984375 0.0890625 0.05
53 0.28515625 0.69140625 0.1 0.053125
53 0.28828125 0.7609375 0.10625 0.05625
53 0.70078125 0.76328125 0.08125 0.053125
53 0.4265625 0.765625 0.10625 0.05625
53 0.7921875 0.76328125 0.0796875 0.0484375
53 0.6046875 0.7640625 0.090625 0.05