53 0.13359375 0.62265625 0.053125 0.090625
53 0.13359375 0.52890625 0.0484375 0.0875
53 0.1390625 0.7296875 0.0515625 0.0984375
53 0.1390625 0.8234375 0.0484375 0.0796875
53 0.14765625 0.37890625 0.0578125 0.0890625
53 0.14921875 0.27734375 0.053125 0.096875
53 0.14921875 0.18046875 0.053125 0.0953125
53 0.196875 0.52890625 0.053125 0.084375
53 0.1984375 0.82421875 0.0515625 0.0921875
53 0.20078125 0.62890625 0.05625 0.0921875
53 0.19921875 0.72734375 0.0484375 0.084375
53 0.21640625 0.27265625 0.05625 0.096875
53 0.21875 0.3765625 0.0515625 0.0921875
53 0.21875 0.1765625 0.0515625 0.09375
53 0.25703125 0.7296875 0.0578125 0.0890625
53 0.25703125 0.5328125 0.0515625 0.0828125
53 0.259375 0.6265625 0.053125 0.084375
53 0.26171875 0.8234375 0.0515625 0.0890625
53 0.30546875 0.3703125 0.0546875 0.103125
53 0.30625 0.275 0.0578125 0.09375
53 0.3109375 0.178125 0.0546875 0.090625
53 0.31953125 0.52890625 0.0546875 0.084375
53 0.31953125 0.62890625 0.0515625 0.0796875
53 0.3234375 0.7296875 0.0484375 0.0828125
53 0.32421875 0.8234375 0.0515625 0.0765625
53 0.3734375 0.27265625 0.0578125 0.1015625
53 0.37734375 0.3734375 0.05625 0.096875
53 0.38203125 0.17578125 0.05625 0.0875
53 0.5265625 0.28828125 0.0578125 0.084375
53 0.52734375 0.3921875 0.0609375 0.0921875
53 0.52734375 0.20078125 0.05625 0.0671875
53 0.5359375 0.5765625 0.053125 0.1140625
53 0.5359375 0.70703125 0.0484375 0.125
53 0.60703125 0.203125 0.05625 0.0703125
53 0.60703125 0.29296875 0.053125 0.0796875
53 0.6109375 0.3921875 0.053125 0.0828125
53 0.61171875 0.7125 0.053125 0.10625
53 0.61171875 0.5765625 0.04375 0.1140625
53 0.6890625 0.39921875 0.0578125 0.0890625
53 0.6859375 0.19921875 0.0484375 0.0875
53 0.6875 0.5765625 0.0515625 0.1140625
53 0.68984375 0.29453125 0.0515625 0.0890625
53 0.69140625 0.71484375 0.053125 0.1015625
53 0.7609375 0.71171875 0.0546875 0.10625
53 0.76328125 0.29921875 0.053125 0.0828125
53 0.765625 0.5734375 0.05625 0.10625
53 0.76328125 0.2078125 0.0484375 0.0796875
53 0.7640625 0.3953125 0.0515625 0.0921875