69 0.38125 0.1625 0.03125 0.0515625
69 0.4109375 0.08984375 0.0359375 0.040625
69 0.4125 0.17421875 0.03125 0.0609375
69 0.4375 0.1890625 0.0296875 0.0390625
69 0.43984375 0.05859375 0.03125 0.0359375
69 0.44921875 0.09765625 0.034375 0.0265625
69 0.4578125 0.0203125 0.0453125 0.040625
69 0.453125 0.1625 0.03125 0.0328125
69 0.4625 0.05625 0.0390625 0.0453125
69 0.46875 0.19140625 0.040625 0.040625
69 0.48671875 0.0578125 0.0390625 0.028125
69 0.4890625 0.1703125 0.0265625 0.0390625
69 0.49765625 0.203125 0.03125 0.034375
69 0.49375 0.021875 0.025 0.04375
69 0.515625 0.1765625 0.0359375 0.0265625
69 0.515625 0.0640625 0.0296875 0.0265625
69 0.52890625 0.19375 0.040625 0.04375
69 0.52421875 0.04453125 0.0265625 0.034375
69 0.53359375 0.165625 0.025 0.0265625
69 0.5421875 0.109375 0.034375 0.04375
69 0.5484375 0.0625 0.040625 0.040625
69 0.553125 0.0359375 0.0359375 0.0484375
69 0.56953125 0.19375 0.034375 0.04375
69 0.57109375 0.2234375 0.0234375 0.0390625
69 0.5890625 0.05546875 0.0453125 0.0671875
69 0.59609375 0.21640625 0.034375 0.040625
69 0.5984375 0.0171875 0.034375 0.034375
69 0.62265625 0.1875 0.03125 0.0203125
69 0.6296875 0.22578125 0.034375 0.0359375
69 0.634375 0.1359375 0.0140625 0.009375
69 0.6671875 0.21640625 0.0390625 0.0390625
69 0.68515625 0.1453125 0.028125 0.0203125
69 0.7078125 0.22578125 0.0359375 0.053125
69 0.7125 0.15390625 0.0171875 0.0125
69 0.7234375 0.2140625 0.0140625 0.034375
69 0.75 0.15234375 0.034375 0.040625