29 0.12890625 0.44609375 0.2578125 0.2046875
29 0.06015625 0.2953125 0.096875 0.2171875
29 0.4203125 0.52265625 0.8015625 0.353125
29 0.225 0.13125 0.2359375 0.18125
29 0.4421875 0.13828125 0.48125 0.2765625
29 0.5265625 0.30859375 0.3984375 0.11875
29 0.43515625 0.1890625 0.2046875 0.146875
29 0.671875 0.7015625 0.603125 0.525
29 0.571875 0.74140625 0.3875 0.375
29 0.65234375 0.9375 0.5203125 0.125
29 0.7046875 0.446875 0.24375 0.2140625
29 0.7703125 0.2390625 0.134375 0.1859375
29 0.82109375 0.62734375 0.2046875 0.325
29 0.890625 0.428125 0.21875 0.2984375