69 0.1046875 0.4234375 0.16875 0.1515625
69 0.02734375 0.04453125 0.0546875 0.0890625
69 0.02734375 0.56640625 0.0546875 0.1203125
69 0.14921875 0.02734375 0.0859375 0.0546875
69 0.2015625 0.32578125 0.121875 0.1171875
69 0.2515625 0.06015625 0.1078125 0.1203125
69 0.365625 0.0984375 0.0890625 0.103125
69 0.52890625 0.125 0.084375 0.0875
69 0.646875 0.1359375 0.0796875 0.0921875
69 0.70078125 0.94453125 0.178125 0.10625
69 0.8140625 0.7828125 0.16875 0.128125
69 0.77421875 0.1703125 0.0875 0.0875
69 0.88359375 0.63125 0.1546875 0.1421875
69 0.91328125 0.196875 0.10625 0.10625
69 0.92578125 0.5109375 0.1203125 0.1328125