41 0.13125 0.14921875 0.1859375 0.2328125
41 0.17421875 0.459375 0.2578125 0.3015625
41 0.2046875 0.2484375 0.209375 0.196875
41 0.19375 0.86875 0.1375 0.2625
41 0.3375 0.80625 0.1203125 0.240625
41 0.37890625 0.1140625 0.1328125 0.228125
41 0.421875 0.39921875 0.159375 0.35625
41 0.4359375 0.6671875 0.096875 0.209375
41 0.5 0.17890625 0.15 0.334375
41 0.53125 0.0625 0.165625 0.1109375
41 0.5359375 0.5515625 0.096875 0.1390625
41 0.57578125 0.85078125 0.1609375 0.228125
41 0.70546875 0.2015625 0.2 0.2984375
41 0.80625 0.84375 0.184375 0.196875
41 0.8234375 0.1078125 0.18125 0.215625
41 0.86875 0.35 0.18125 0.3203125
41 0.85703125 0.6828125 0.1453125 0.2