76 0.1984375 0.78984375 0.303125 0.1015625
76 0.21015625 0.703125 0.2953125 0.0921875
76 0.20546875 0.64453125 0.284375 0.0609375
76 0.22109375 0.5140625 0.271875 0.090625
76 0.2203125 0.584375 0.2546875 0.090625
76 0.18984375 0.24765625 0.0703125 0.0796875
76 0.2046875 0.3953125 0.0890625 0.0765625
76 0.2046875 0.334375 0.0921875 0.0765625
76 0.23046875 0.19140625 0.0921875 0.0703125
76 0.25859375 0.26328125 0.075 0.0609375
76 0.2953125 0.36171875 0.0953125 0.0578125
76 0.303125 0.43125 0.0828125 0.0671875
76 0.3109375 0.30859375 0.0984375 0.0703125
76 0.3171875 0.23203125 0.075 0.0609375
76 0.35234375 0.38359375 0.0609375 0.1171875
76 0.37109375 0.21640625 0.0671875 0.1015625
76 0.3921875 0.31875 0.0640625 0.10625
76 0.41328125 0.38671875 0.0625 0.0765625