21 0.15859375 0.96171875 0.090625 0.0765625
21 0.66171875 0.95703125 0.3203125 0.0859375
21 0.12734375 0.94453125 0.053125 0.1109375
21 0.43515625 0.921875 0.1125 0.15625
21 0.21171875 0.9125 0.0453125 0.175
21 0.49765625 0.9015625 0.1125 0.196875
21 0.353125 0.978125 0.05625 0.04375
21 0.275 0.96640625 0.0796875 0.0671875
21 0.3609375 0.87265625 0.15625 0.209375
21 0.26171875 0.87265625 0.0453125 0.1375
21 0.1734375 0.9015625 0.034375 0.05625
21 0.12890625 0.84140625 0.0484375 0.075
21 0.1703125 0.8328125 0.0453125 0.0921875
21 0.09140625 0.85078125 0.021875 0.0265625
21 0.2546875 0.81015625 0.08125 0.0671875
21 0.58046875 0.69375 0.2765625 0.253125
21 0.3140625 0.73203125 0.175 0.1203125
21 0.42421875 0.66953125 0.0671875 0.075
21 0.225 0.65390625 0.1 0.06875
21 0.28515625 0.62265625 0.1109375 0.090625
21 0.540625 0.5671875 0.2859375 0.19375
21 0.22109375 0.6265625 0.04375 0.025
21 0.3265625 0.58984375 0.1375 0.09375
21 0.06484375 0.615625 0.0265625 0.04375
21 0.2203125 0.5875 0.0796875 0.0796875
21 0.18515625 0.5796875 0.0625 0.08125
21 0.06953125 0.578125 0.034375 0.05625
21 0.05546875 0.571875 0.028125 0.05
21 0.68046875 0.5515625 0.090625 0.08125
21 0.35546875 0.52890625 0.1296875 0.10625
21 0.09765625 0.54921875 0.021875 0.0375
21 0.09609375 0.52421875 0.0359375 0.0796875
21 0.25234375 0.5015625 0.103125 0.1078125
21 0.0828125 0.50703125 0.04375 0.065625
21 0.43515625 0.50625 0.090625 0.0671875
21 0.140625 0.4953125 0.08125 0.0796875
21 0.4640625 0.4359375 0.1203125 0.134375
21 0.1234375 0.4625 0.03125 0.059375
21 0.3703125 0.4625 0.0890625 0.0484375
21 0.1546875 0.428125 0.05 0.096875
21 0.37734375 0.40625 0.115625 0.128125
21 0.0875 0.43984375 0.025 0.0453125
21 0.08203125 0.43359375 0.03125 0.059375
21 0.54453125 0.39765625 0.065625 0.103125
21 0.103125 0.4328125 0.03125 0.028125
21 0.24765625 0.4171875 0.053125 0.059375
21 0.31015625 0.390625 0.084375 0.1109375
21 0.5265625 0.30546875 0.128125 0.1421875
21 0.43984375 0.30390625 0.084375 0.1390625
21 0.38125 0.28828125 0.08125 0.1296875
21 0.33046875 0.32421875 0.0484375 0.04375
21 0.5796875 0.24140625 0.0796875 0.08125
21 0.5203125 0.228125 0.09375 0.0875
21 0.19375 0.21640625 0.0453125 0.053125
21 0.4390625 0.19921875 0.1125 0.0796875
21 0.45703125 0.22734375 0.0375 0.0171875
21 0.23671875 0.1875 0.065625 0.05625
21 0.21015625 0.16015625 0.034375 0.0578125
21 0.24609375 0.1359375 0.0453125 0.0765625
21 0.25390625 0.078125 0.059375 0.0765625
21 0.303125 0.02734375 0.0578125 0.053125