48 0.7328125 0.953125 0.034375 0.0359375
48 0.71171875 0.92421875 0.0359375 0.040625
48 0.75234375 0.9234375 0.03125 0.0171875
48 0.8921875 0.9125 0.021875 0.021875
48 0.74765625 0.890625 0.0125 0.00625
48 0.775 0.8375 0.040625 0.021875
48 0.8734375 0.8265625 0.0171875 0.0265625
48 0.3296875 0.7171875 0.040625 0.04375
48 0.78359375 0.71171875 0.05 0.028125
48 0.521875 0.70078125 0.034375 0.034375
48 0.47734375 0.6765625 0.04375 0.04375
48 0.9328125 0.67578125 0.034375 0.040625
48 0.365625 0.65234375 0.0359375 0.0359375
48 0.4484375 0.63203125 0.034375 0.0359375
48 0.83203125 0.615625 0.034375 0.0375
48 0.7921875 0.6078125 0.028125 0.0265625
48 0.71484375 0.60078125 0.05625 0.0375
48 0.4640625 0.59140625 0.034375 0.03125
48 0.8125 0.5875 0.025 0.028125
48 0.2765625 0.56015625 0.0625 0.084375
48 0.4125 0.55625 0.0453125 0.05
48 0.71171875 0.55546875 0.040625 0.040625
48 0.57578125 0.52265625 0.03125 0.05
48 0.2328125 0.4796875 0.0171875 0.05625
48 0.95078125 0.490625 0.034375 0.0265625
48 0.60703125 0.4625 0.0375 0.0484375
48 0.96640625 0.44140625 0.0375 0.0359375
48 0.703125 0.4359375 0.0375 0.040625
48 0.3953125 0.35234375 0.034375 0.059375
48 0.56015625 0.3484375 0.03125 0.04375
48 0.7640625 0.35703125 0.028125 0.01875
48 0.5796875 0.3328125 0.04375 0.0625
48 0.50703125 0.2671875 0.04375 0.04375
48 0.3234375 0.2453125 0.0375 0.05625
48 0.828125 0.15390625 0.0375 0.065625
48 0.540625 0.14921875 0.0484375 0.05625
48 0.61796875 0.1203125 0.04375 0.0359375
48 0.35078125 0.10078125 0.05 0.075
48 0.634375 0.0796875 0.0265625 0.021875
48 0.28359375 0.05625 0.025 0.04375
48 0.32421875 0.0484375 0.059375 0.0578125
48 0.8796875 0.0515625 0.025 0.034375
48 0.78515625 0.03046875 0.0515625 0.0609375
48 0.30546875 0.01484375 0.0484375 0.0296875
48 0.79453125 0.00703125 0.03125 0.009375