18 0.37734375 0.79921875 0.575 0.190625
18 0.8171875 0.75390625 0.271875 0.178125
18 0.63203125 0.72109375 0.3046875 0.1203125
18 0.8015625 0.63671875 0.334375 0.1296875
18 0.7515625 0.5296875 0.2703125 0.1453125
18 0.88828125 0.3703125 0.15625 0.446875
18 0.475 0.5203125 0.2859375 0.1328125
18 0.47578125 0.61796875 0.2484375 0.1171875
18 0.3578125 0.6890625 0.3484375 0.1109375
18 0.2015625 0.6453125 0.2796875 0.165625
18 0.1578125 0.359375 0.2125 0.2046875
18 0.14296875 0.50390625 0.271875 0.178125
18 0.265625 0.515625 0.259375 0.1640625