18 0.25625 0.1765625 0.33125 0.11875
18 0.26171875 0.31484375 0.403125 0.1078125
18 0.26171875 0.4359375 0.40625 0.115625
18 0.28984375 0.56953125 0.459375 0.121875
18 0.28828125 0.6875 0.4546875 0.1453125
18 0.25703125 0.8078125 0.3921875 0.1515625
18 0.271875 0.95703125 0.428125 0.0828125
18 0.79296875 0.92890625 0.39375 0.1421875
18 0.7796875 0.821875 0.325 0.1453125
18 0.765625 0.69609375 0.303125 0.134375
18 0.77890625 0.55078125 0.2765625 0.0984375
18 0.7703125 0.4359375 0.284375 0.1078125
18 0.76953125 0.30859375 0.2984375 0.115625
18 0.796875 0.16953125 0.3484375 0.1109375
18 0.7921875 0.040625 0.3609375 0.0796875
18 0.24609375 0.04921875 0.325 0.0875