18 0.77265625 0.27265625 0.221875 0.278125
18 0.71015625 0.09609375 0.340625 0.096875
18 0.484375 0.30625 0.1828125 0.25
18 0.64765625 0.4546875 0.496875 0.115625
18 0.83203125 0.6390625 0.1125 0.225
18 0.94453125 0.4984375 0.10625 0.21875
18 0.9390625 0.2390625 0.1203125 0.3171875
18 0.7640625 0.02890625 0.4328125 0.05625
18 0.29921875 0.02578125 0.3890625 0.0515625
18 0.321875 0.0765625 0.434375 0.1125
18 0.328125 0.1546875 0.434375 0.1109375
18 0.2453125 0.2390625 0.3 0.10625
18 0.240625 0.31484375 0.309375 0.10625
18 0.053125 0.0796875 0.103125 0.153125
18 0.05546875 0.26328125 0.10625 0.228125
18 0.1984375 0.39296875 0.3875 0.08125
18 0.19140625 0.49609375 0.375 0.153125
18 0.19921875 0.6109375 0.396875 0.096875
18 0.10703125 0.8015625 0.2046875 0.3171875
18 0.3109375 0.80859375 0.2 0.371875
18 0.6203125 0.94921875 0.409375 0.0921875
18 0.63828125 0.8734375 0.471875 0.0890625
18 0.640625 0.7859375 0.465625 0.084375
18 0.584375 0.696875 0.3578125 0.1078125
18 0.603125 0.5953125 0.3609375 0.0984375
18 0.62890625 0.53125 0.509375 0.08125
18 0.921875 0.95546875 0.153125 0.084375