18 0.1765625 0.74375 0.11875 0.3328125
18 0.31484375 0.73828125 0.1078125 0.4046875
18 0.4359375 0.73828125 0.115625 0.40625
18 0.56953125 0.71015625 0.121875 0.459375
18 0.6875 0.71171875 0.1453125 0.4546875
18 0.8078125 0.74296875 0.1515625 0.3921875
18 0.95703125 0.728125 0.0828125 0.428125
18 0.92890625 0.20703125 0.1421875 0.3953125
18 0.821875 0.2203125 0.1453125 0.325
18 0.69609375 0.234375 0.134375 0.303125
18 0.55078125 0.22109375 0.0984375 0.2765625
18 0.4359375 0.2296875 0.1078125 0.284375
18 0.30859375 0.23046875 0.115625 0.2984375
18 0.16953125 0.203125 0.1109375 0.3484375
18 0.040625 0.2078125 0.0796875 0.3609375
18 0.04921875 0.75390625 0.0875 0.325