18 0.74375 0.8234375 0.33125 0.11875
18 0.73828125 0.68515625 0.403125 0.1078125
18 0.73828125 0.5640625 0.40625 0.115625
18 0.71015625 0.43046875 0.459375 0.121875
18 0.71171875 0.3125 0.4546875 0.14375
18 0.74296875 0.1921875 0.3921875 0.1515625
18 0.728125 0.04296875 0.428125 0.08125
18 0.20703125 0.07109375 0.39375 0.1421875
18 0.2203125 0.178125 0.325 0.14375
18 0.234375 0.30390625 0.303125 0.134375
18 0.22109375 0.44921875 0.2765625 0.0984375
18 0.2296875 0.5640625 0.284375 0.1078125
18 0.23046875 0.69140625 0.2984375 0.115625
18 0.203125 0.83046875 0.3484375 0.1109375
18 0.2078125 0.959375 0.3609375 0.0796875
18 0.75390625 0.95078125 0.325 0.0875