18 0.72734375 0.77265625 0.2796875 0.221875
18 0.90390625 0.71015625 0.096875 0.340625
18 0.69375 0.484375 0.25 0.1828125
18 0.5453125 0.64765625 0.115625 0.4984375
18 0.3609375 0.83203125 0.225 0.1140625
18 0.5015625 0.94453125 0.21875 0.10625
18 0.7609375 0.9390625 0.3171875 0.1203125
18 0.97109375 0.7640625 0.05625 0.4328125
18 0.97421875 0.29921875 0.0515625 0.3890625
18 0.9234375 0.321875 0.1140625 0.4359375
18 0.8453125 0.328125 0.1109375 0.4359375
18 0.7609375 0.2453125 0.10625 0.3015625
18 0.68515625 0.240625 0.10625 0.3109375
18 0.9203125 0.053125 0.1546875 0.103125
18 0.73671875 0.05546875 0.228125 0.10625
18 0.60703125 0.1984375 0.0828125 0.3875
18 0.50390625 0.19140625 0.1546875 0.375
18 0.3890625 0.19921875 0.096875 0.396875
18 0.1984375 0.10703125 0.3171875 0.2046875
18 0.19140625 0.3109375 0.3734375 0.2
18 0.05078125 0.6203125 0.0921875 0.4078125
18 0.1265625 0.63828125 0.0890625 0.471875
18 0.2140625 0.640625 0.084375 0.4671875
18 0.303125 0.584375 0.1078125 0.3578125
18 0.4046875 0.603125 0.0984375 0.3609375
18 0.46875 0.62890625 0.0828125 0.509375
18 0.04453125 0.921875 0.084375 0.1546875