29 0.14921875 0.4109375 0.18125 0.1203125
29 0.22265625 0.61796875 0.215625 0.2359375
29 0.16796875 0.4890625 0.06875 0.0796875
29 0.16953125 0.4484375 0.025 0.0671875
29 0.19375 0.38125 0.0453125 0.1296875
29 0.271875 0.5578125 0.18125 0.2015625
29 0.27265625 0.3234375 0.0890625 0.271875
29 0.2609375 0.365625 0.059375 0.0625
29 0.29453125 0.63671875 0.1203125 0.15625
29 0.29921875 0.35234375 0.090625 0.2359375
29 0.390625 0.62265625 0.1703125 0.215625
29 0.3375 0.51328125 0.059375 0.190625
29 0.33515625 0.3609375 0.05 0.1515625
29 0.37890625 0.57578125 0.128125 0.284375
29 0.35078125 0.33671875 0.065625 0.1703125
29 0.3921875 0.43515625 0.06875 0.2546875
29 0.4234375 0.37734375 0.06875 0.0890625
29 0.5015625 0.4671875 0.209375 0.1203125
29 0.41796875 0.4953125 0.0265625 0.0484375
29 0.50390625 0.4515625 0.153125 0.05
29 0.45078125 0.3328125 0.0453125 0.0890625
29 0.46640625 0.33671875 0.0375 0.08125
29 0.49140625 0.38671875 0.0875 0.04375
29 0.4953125 0.5609375 0.065625 0.0375
29 0.53828125 0.41328125 0.06875 0.153125