48 0.4390625 0.5453125 0.1125 0.128125
48 0.60859375 0.0140625 0.0609375 0.028125
48 0.4796875 0.4171875 0.0890625 0.1125
48 0.53828125 0.46171875 0.0765625 0.084375
48 0.5640625 0.53828125 0.090625 0.06875
48 0.51328125 0.5890625 0.0984375 0.09375
48 0.48671875 0.6875 0.0875 0.090625
48 0.25703125 0.696875 0.115625 0.0796875
48 0.359375 0.71015625 0.065625 0.065625
48 0.421875 0.7484375 0.10625 0.096875
48 0.3390625 0.771875 0.0375 0.0890625
48 0.275 0.8109375 0.10625 0.1296875
48 0.40859375 0.86171875 0.0890625 0.0796875
48 0.26796875 0.90234375 0.115625 0.11875
48 0.4484375 0.93125 0.08125 0.071875
48 0.63203125 0.9328125 0.05 0.0703125
48 0.36640625 0.93359375 0.0578125 0.05625
48 0.303125 0.9640625 0.103125 0.06875
48 0.58984375 0.98671875 0.08125 0.025