48 0.5453125 0.5609375 0.128125 0.1125
48 0.0140625 0.39140625 0.028125 0.0609375
48 0.4171875 0.5203125 0.1125 0.0890625
48 0.46171875 0.46171875 0.084375 0.0765625
48 0.53828125 0.4359375 0.06875 0.090625
48 0.5890625 0.48671875 0.09375 0.0984375
48 0.6875 0.51328125 0.090625 0.0875
48 0.696875 0.74296875 0.0796875 0.115625
48 0.71015625 0.640625 0.065625 0.065625
48 0.7484375 0.578125 0.096875 0.10625
48 0.771875 0.6609375 0.0890625 0.0375
48 0.8109375 0.725 0.1296875 0.10625
48 0.86171875 0.59140625 0.0796875 0.0890625
48 0.90234375 0.73203125 0.11875 0.115625
48 0.93125 0.5515625 0.071875 0.08125
48 0.9328125 0.36796875 0.06875 0.05
48 0.93359375 0.63359375 0.05625 0.0578125
48 0.9640625 0.696875 0.06875 0.103125
48 0.98671875 0.41015625 0.025 0.08125