69 0.02734375 0.63125 0.0546875 0.13125
69 0.05078125 0.7296875 0.1015625 0.2078125
69 0.05390625 0.96484375 0.1078125 0.0703125
69 0.06015625 0.56484375 0.11875 0.18125
69 0.0765625 0.2125 0.1453125 0.1328125
69 0.06875 0.26796875 0.05625 0.1515625
69 0.1234375 0.45078125 0.1328125 0.15625
69 0.12734375 0.73828125 0.1078125 0.2328125
69 0.1609375 0.96015625 0.090625 0.075
69 0.19609375 0.3390625 0.1609375 0.10625
69 0.24140625 0.43046875 0.1625 0.2015625
69 0.1984375 0.7171875 0.0515625 0.115625
69 0.31875 0.9515625 0.1515625 0.0921875
69 0.31484375 0.4484375 0.053125 0.103125
69 0.36875 0.6453125 0.1578125 0.1640625
69 0.3703125 0.5359375 0.1140625 0.096875
69 0.38671875 0.92421875 0.146875 0.1109375
69 0.3921875 0.41796875 0.1078125 0.16875
69 0.44375 0.86171875 0.1390625 0.15
69 0.41953125 0.96484375 0.0890625 0.065625
69 0.4703125 0.40234375 0.0875 0.096875
69 0.5515625 0.428125 0.09375 0.1765625
69 0.578125 0.31953125 0.10625 0.1546875
69 0.63125 0.4125 0.090625 0.1296875
69 0.66328125 0.3921875 0.1421875 0.1421875
69 0.65859375 0.2171875 0.0515625 0.1203125
69 0.6875 0.28359375 0.10625 0.11875
69 0.75859375 0.6203125 0.1421875 0.1328125
69 0.7296875 0.75390625 0.0828125 0.2578125
69 0.73828125 0.16328125 0.096875 0.075
69 0.796875 0.38125 0.1015625 0.1109375
69 0.81484375 0.2859375 0.128125 0.18125
69 0.81953125 0.23046875 0.1203125 0.10625
69 0.803125 0.76328125 0.0828125 0.215625
69 0.80390625 0.59140625 0.0765625 0.1828125
69 0.828125 0.4890625 0.1015625 0.16875
69 0.83203125 0.42421875 0.1078125 0.11875
69 0.853125 0.13203125 0.1515625 0.10625
69 0.87109375 0.8703125 0.1515625 0.125
69 0.95703125 0.7796875 0.084375 0.1078125
69 0.98046875 0.69609375 0.0359375 0.09375