3 0.42578125 0.1890625 0.21875 0.18125
3 0.12890625 0.26328125 0.096875 0.03125
3 0.05390625 0.290625 0.090625 0.04375
3 0.178125 0.30078125 0.096875 0.0453125
3 0.05625 0.3234375 0.0796875 0.04375
3 0.1734375 0.3296875 0.096875 0.034375
3 0.06015625 0.3546875 0.0875 0.04375
3 0.165625 0.36328125 0.1078125 0.034375
3 0.0484375 0.375 0.096875 0.0375
3 0.15 0.40390625 0.09375 0.04375
3 0.2328125 0.4078125 0.075 0.04375
3 0.0515625 0.4109375 0.0625 0.028125
3 0.13828125 0.43515625 0.09375 0.0359375