48 0.0625 0.57578125 0.0828125 0.096875
48 0.0671875 0.97578125 0.0515625 0.0453125
48 0.06875 0.1390625 0.040625 0.0625
48 0.06875 0.0921875 0.0359375 0.0515625
48 0.0765625 0.45078125 0.0359375 0.053125
48 0.1578125 0.3609375 0.0328125 0.0546875
48 0.1765625 0.321875 0.0125 0.04375
48 0.1828125 0.30390625 0.021875 0.0390625
48 0.21640625 0.24765625 0.034375 0.0390625
48 0.37109375 0.0203125 0.0203125 0.0359375
48 0.453125 0.45703125 0.075 0.103125
48 0.58515625 0.0109375 0.0390625 0.021875
48 0.609375 0.44609375 0.05625 0.065625
48 0.6984375 0.146875 0.053125 0.09375
48 0.95703125 0.1109375 0.0609375 0.0828125