45 0.890625 0.0171875 0.1875 0.034375
45 0.92421875 0.05546875 0.1515625 0.0984375
45 0.328125 0.17890625 0.446875 0.225
45 0.5765625 0.26328125 0.3296875 0.184375
45 0.28359375 0.3953125 0.471875 0.253125
45 0.76171875 0.40859375 0.2375 0.1625
45 0.53125 0.45078125 0.3625 0.2234375
45 0.87734375 0.4734375 0.2375 0.175
45 0.21640625 0.6078125 0.4328125 0.275
45 0.67890625 0.5734375 0.3 0.190625
45 0.4046875 0.678125 0.428125 0.2375
45 0.8453125 0.65625 0.2671875 0.1921875
45 0.5734375 0.7671875 0.409375 0.1953125
45 0.709375 0.8375 0.39375 0.1859375