53 0.521875 0.7296875 0.0203125 0.0578125
53 0.5453125 0.765625 0.021875 0.0453125
53 0.553125 0.69609375 0.0203125 0.04375
53 0.5734375 0.8140625 0.028125 0.0390625
53 0.5796875 0.75703125 0.0390625 0.0578125
53 0.62890625 0.9484375 0.05625 0.096875
53 0.6578125 0.55390625 0.0875 0.1734375
53 0.65390625 0.7359375 0.0578125 0.1109375
53 0.69609375 0.915625 0.0515625 0.0890625
53 0.70546875 0.67890625 0.0578125 0.1140625
53 0.740625 0.8484375 0.04375 0.071875
53 0.828125 0.19921875 0.1015625 0.1875
53 0.8546875 0.96015625 0.05625 0.0765625
53 0.86171875 0.53125 0.065625 0.1203125
53 0.97265625 0.7296875 0.0515625 0.190625
53 0.984375 0.4046875 0.0265625 0.1375