58 0.03125 0.875 0.0625 0.0515625
58 0.05859375 0.39296875 0.0890625 0.103125
58 0.084375 0.803125 0.1234375 0.0828125
58 0.0671875 0.88828125 0.065625 0.040625
58 0.18359375 0.390625 0.1953125 0.0828125
58 0.1140625 0.90859375 0.0484375 0.0359375
58 0.1296875 0.43515625 0.0515625 0.0359375
58 0.2234375 0.765625 0.2015625 0.2078125
58 0.22265625 0.90390625 0.159375 0.10625
58 0.171875 0.43125 0.0484375 0.034375
58 0.30859375 0.603125 0.2171875 0.178125
58 0.2859375 0.3921875 0.15 0.1109375
58 0.32421875 0.93515625 0.1953125 0.0984375
58 0.30390625 0.23203125 0.134375 0.0984375
58 0.33671875 0.453125 0.075 0.0984375
58 0.50859375 0.92890625 0.178125 0.10625
58 0.5421875 0.1625 0.1234375 0.0515625
58 0.6578125 0.13359375 0.115625 0.084375
58 0.8796875 0.30390625 0.16875 0.103125
58 0.85078125 0.2609375 0.053125 0.0296875
58 0.9859375 0.3328125 0.0265625 0.0359375