21 0.8125 0.15234375 0.221875 0.25
21 0.02734375 0.4234375 0.0546875 0.196875
21 0.05625 0.1734375 0.1125 0.2625
21 0.15859375 0.7796875 0.315625 0.325
21 0.23828125 0.43515625 0.259375 0.275
21 0.2359375 0.16484375 0.25 0.278125
21 0.49140625 0.790625 0.2625 0.321875
21 0.5328125 0.4078125 0.303125 0.36875
21 0.53828125 0.15625 0.2046875 0.240625
21 0.8171875 0.78515625 0.315625 0.378125
21 0.8296875 0.45703125 0.24375 0.278125
21 0.975 0.15390625 0.0484375 0.1875
21 0.99140625 0.4515625 0.0171875 0.1