21 0.84765625 0.8125 0.25 0.221875
21 0.5765625 0.02734375 0.196875 0.0546875
21 0.8265625 0.05625 0.2625 0.1125
21 0.2203125 0.15859375 0.325 0.315625
21 0.56484375 0.23828125 0.275 0.259375
21 0.83515625 0.2359375 0.278125 0.25
21 0.209375 0.49140625 0.321875 0.2625
21 0.5921875 0.5328125 0.36875 0.303125
21 0.84375 0.53828125 0.240625 0.2046875
21 0.21484375 0.8171875 0.378125 0.315625
21 0.54296875 0.8296875 0.278125 0.24375
21 0.84609375 0.975 0.1875 0.0484375
21 0.5484375 0.99140625 0.1 0.0171875