72 0.57109375 0.8375 0.3609375 0.3
72 0.05859375 0.41015625 0.1171875 0.1578125
72 0.103125 0.2171875 0.178125 0.209375
72 0.13203125 0.1140625 0.125 0.1
72 0.2125 0.61796875 0.20625 0.2328125
72 0.26171875 0.7953125 0.2765625 0.371875
72 0.2546875 0.12734375 0.13125 0.16875
72 0.36171875 0.4984375 0.1734375 0.1515625
72 0.334375 0.30625 0.1078125 0.165625
72 0.44453125 0.55625 0.275 0.2046875
72 0.37734375 0.1046875 0.128125 0.090625
72 0.6578125 0.540625 0.165625 0.1828125
72 0.790625 0.3890625 0.1875 0.25
72 0.95390625 0.3453125 0.0921875 0.221875