8 0.4390625 0.0328125 0.19375 0.065625
8 0.1734375 0.0484375 0.34375 0.096875
8 0.27421875 0.08203125 0.3171875 0.14375
8 0.50703125 0.07109375 0.153125 0.0875
8 0.3484375 0.134375 0.3 0.1078125
8 0.47109375 0.19453125 0.228125 0.0984375
8 0.18203125 0.2671875 0.3640625 0.225
8 0.49140625 0.24296875 0.18125 0.05625
8 0.2640625 0.334375 0.36875 0.178125
8 0.384375 0.3390625 0.246875 0.1390625
8 0.43984375 0.38359375 0.23125 0.125
8 0.35078125 0.58046875 0.2765625 0.125
8 0.47109375 0.56640625 0.2328125 0.090625
8 0.27265625 0.6046875 0.3171875 0.16875
8 0.4109375 0.5796875 0.2140625 0.1125
8 0.16484375 0.65390625 0.3296875 0.225
8 0.49296875 0.74765625 0.23125 0.084375
8 0.47578125 0.7875 0.209375 0.1
8 0.39921875 0.81484375 0.2640625 0.13125
8 0.334375 0.85 0.2859375 0.1375
8 0.259375 0.9109375 0.346875 0.1703125
8 0.1671875 0.93125 0.3296875 0.1328125
8 0.4578125 0.95390625 0.228125 0.0921875