72 0.8390625 0.9796875 0.0625 0.0265625
72 0.834375 0.95546875 0.053125 0.0265625
72 0.44921875 0.93359375 0.065625 0.059375
72 0.74296875 0.93984375 0.0625 0.034375
72 0.5046875 0.93046875 0.05625 0.0484375
72 0.8375 0.928125 0.053125 0.034375
72 0.6859375 0.92421875 0.059375 0.0453125
72 0.609375 0.92890625 0.05 0.0265625
72 0.62734375 0.89921875 0.0625 0.05
72 0.4796875 0.88359375 0.0671875 0.040625
72 0.3703125 0.88203125 0.05625 0.0453125
72 0.7453125 0.88359375 0.040625 0.028125
72 0.4265625 0.87265625 0.059375 0.0484375
72 0.82109375 0.875 0.0671875 0.04375
72 0.69609375 0.88125 0.0359375 0.025
72 0.3078125 0.85078125 0.0484375 0.0515625
72 0.259375 0.8484375 0.034375 0.040625
72 0.2078125 0.834375 0.05 0.05
72 0.27734375 0.81875 0.05 0.0484375
72 0.396875 0.75703125 0.05625 0.04375
72 0.896875 0.73828125 0.05625 0.034375
72 0.9 0.7234375 0.04375 0.0453125
72 0.91953125 0.6984375 0.040625 0.040625
72 0.3109375 0.67890625 0.05625 0.04375
72 0.24765625 0.66953125 0.053125 0.0453125
72 0.209375 0.52734375 0.40625 0.2
72 0.54921875 0.54453125 0.153125 0.09375
72 0.67421875 0.390625 0.1703125 0.2015625
72 0.39921875 0.384375 0.0984375 0.1
72 0.39296875 0.259375 0.240625 0.10625
72 0.06015625 0.26328125 0.04375 0.034375
72 0.06875 0.2328125 0.0484375 0.0375
72 0.57109375 0.14921875 0.0890625 0.053125
72 0.49375 0.10234375 0.0453125 0.0375
72 0.6890625 0.0640625 0.11875 0.071875
72 0.5875 0.05859375 0.0375 0.0375
72 0.52421875 0.04453125 0.04375 0.0453125