53 0.0203125 0.25234375 0.040625 0.1140625
53 0.025 0.7 0.05 0.05625
53 0.02890625 0.7703125 0.0578125 0.165625
53 0.1265625 0.75 0.1828125 0.2265625
53 0.16328125 0.3140625 0.0875 0.0609375
53 0.28125 0.57109375 0.2671875 0.221875
53 0.27890625 0.75 0.1671875 0.1109375
53 0.38828125 0.7984375 0.271875 0.3734375
53 0.5671875 0.209375 0.1953125 0.153125
53 0.64296875 0.74765625 0.2765625 0.3453125
53 0.771875 0.40859375 0.2265625 0.2578125
53 0.725 0.5578125 0.0671875 0.075
53 0.796875 0.6296875 0.053125 0.065625
53 0.90859375 0.4046875 0.0796875 0.125