48 0.271875 0.15234375 0.0765625 0.1109375
48 0.0578125 0.05625 0.115625 0.1125
48 0.046875 0.20703125 0.0875 0.15
48 0.09140625 0.15390625 0.0578125 0.0703125
48 0.10234375 0.5828125 0.04375 0.0703125
48 0.22109375 0.12109375 0.0578125 0.10625
48 0.3796875 0.45703125 0.0296875 0.0265625
48 0.390625 0.4109375 0.0453125 0.040625
48 0.46875 0.49765625 0.040625 0.0484375
48 0.46640625 0.3484375 0.025 0.053125
48 0.5203125 0.45546875 0.0203125 0.0484375
48 0.65859375 0.0484375 0.034375 0.040625
48 0.6921875 0.03828125 0.021875 0.0453125
48 0.7296875 0.1703125 0.034375 0.065625
48 0.75625 0.1078125 0.0265625 0.0578125