48 0.18984375 0.790625 0.0875 0.1328125
48 0.06953125 0.946875 0.05625 0.103125
48 0.115625 0.97734375 0.103125 0.04375
48 0.146875 0.89921875 0.065625 0.0796875
48 0.19140625 0.9 0.0796875 0.065625
48 0.171875 0.9625 0.0390625 0.065625
48 0.21875 0.92578125 0.0703125 0.09375
48 0.24609375 0.85 0.0828125 0.0703125
48 0.2609375 0.7234375 0.0703125 0.1171875
48 0.2828125 0.9671875 0.1015625 0.065625
48 0.30625 0.88359375 0.0546875 0.103125
48 0.30625 0.775 0.0390625 0.0828125
48 0.3234375 0.58046875 0.065625 0.075
48 0.3390625 0.66796875 0.096875 0.1375
48 0.36171875 0.9109375 0.075 0.125
48 0.37265625 0.478125 0.0953125 0.11875
48 0.35546875 0.7875 0.0296875 0.096875
48 0.39453125 0.9234375 0.0796875 0.1140625
48 0.3859375 0.79453125 0.0484375 0.121875
48 0.37734375 0.61328125 0.0296875 0.0453125
48 0.40234375 0.39765625 0.0703125 0.0921875
48 0.4375 0.2703125 0.0921875 0.1109375
48 0.4390625 0.67890625 0.0953125 0.1375
48 0.4234375 0.81953125 0.0296875 0.0984375
48 0.45078125 0.80078125 0.0515625 0.0984375
48 0.46875 0.41796875 0.0703125 0.0984375
48 0.4734375 0.478125 0.071875 0.10625
48 0.50625 0.696875 0.1078125 0.146875
48 0.51171875 0.54921875 0.0875 0.11875
48 0.525 0.29453125 0.0625 0.1140625
48 0.54296875 0.421875 0.065625 0.1375
48 0.54453125 0.06953125 0.0453125 0.1390625
48 0.58671875 0.16328125 0.0984375 0.0984375
48 0.6 0.53515625 0.10625 0.1375
48 0.57421875 0.09140625 0.0515625 0.096875
48 0.63125 0.3421875 0.1453125 0.2046875
48 0.5953125 0.02734375 0.071875 0.0546875
48 0.6359375 0.0734375 0.075 0.146875
48 0.6625 0.21640625 0.059375 0.0875
48 0.69453125 0.4390625 0.10625 0.1390625
48 0.69453125 0.08984375 0.090625 0.1703125
48 0.71875 0.209375 0.065625 0.10625
48 0.734375 0.3296875 0.0890625 0.0921875
48 0.7328125 0.02265625 0.05625 0.0453125
48 0.76796875 0.1140625 0.05625 0.1296875
48 0.79921875 0.24375 0.096875 0.1703125
48 0.80234375 0.04296875 0.0953125 0.0859375
48 0.828125 0.103125 0.103125 0.09375
48 0.87734375 0.21484375 0.096875 0.15