69 0.0671875 0.1546875 0.134375 0.0921875
69 0.1078125 0.240625 0.1203125 0.1140625
69 0.1265625 0.0875 0.065625 0.0890625
69 0.1890625 0.04921875 0.0828125 0.0890625
69 0.228125 0.27421875 0.1328125 0.05625
69 0.2046875 0.1421875 0.071875 0.090625
69 0.23828125 0.1 0.05625 0.053125
69 0.2609375 0.18125 0.096875 0.065625
69 0.27890625 0.11796875 0.0984375 0.1140625
69 0.28359375 0.04453125 0.0875 0.0765625
69 0.3421875 0.2703125 0.1140625 0.075
69 0.3234375 0.1109375 0.0609375 0.0703125
69 0.3375 0.1578125 0.0765625 0.075
69 0.36796875 0.06640625 0.0703125 0.0703125
69 0.43046875 0.1078125 0.0859375 0.090625
69 0.44453125 0.2296875 0.1078125 0.0921875
69 0.4625 0.1546875 0.0765625 0.0875
69 0.8609375 0.8640625 0.228125 0.2234375