69 0.3296875 0.6 0.125 0.1375
69 0.31953125 0.2640625 0.11875 0.159375
69 0.296875 0.2953125 0.121875 0.1875
69 0.4390625 0.2515625 0.1421875 0.09375
69 0.390625 0.2953125 0.134375 0.13125
69 0.2796875 0.31953125 0.128125 0.175
69 0.43359375 0.41953125 0.121875 0.1390625
69 0.39921875 0.4421875 0.1 0.16875
69 0.2921875 0.4640625 0.1421875 0.11875
69 0.31875 0.4796875 0.1421875 0.11875
69 0.50859375 0.47734375 0.1390625 0.090625
69 0.4625 0.52421875 0.103125 0.034375
69 0.4234375 0.5578125 0.16875 0.05625
69 0.24296875 0.5796875 0.075 0.096875
69 0.4890625 0.59140625 0.1625 0.090625
69 0.20546875 0.6203125 0.090625 0.096875
69 0.46171875 0.634375 0.15625 0.059375
69 0.25703125 0.71640625 0.2046875 0.08125