21 0.265625 0.0890625 0.309375 0.178125
21 0.6 0.09140625 0.371875 0.1828125
21 0.8765625 0.19375 0.246875 0.3375
21 0.571875 0.2640625 0.3796875 0.39375
21 0.13828125 0.24375 0.275 0.1921875
21 0.26796875 0.3734375 0.371875 0.39375
21 0.7046875 0.4328125 0.346875 0.25
21 0.1359375 0.55078125 0.26875 0.4515625
21 0.9234375 0.5375 0.153125 0.346875
21 0.78828125 0.5625 0.321875 0.3390625
21 0.48203125 0.6203125 0.34375 0.346875
21 0.32109375 0.75 0.3609375 0.33125
21 0.69375 0.8125 0.35 0.3375
21 0.13828125 0.83046875 0.1875 0.146875
21 0.47578125 0.890625 0.334375 0.215625