21 0.0890625 0.734375 0.178125 0.309375
21 0.09140625 0.4 0.1828125 0.371875
21 0.19375 0.1234375 0.3375 0.246875
21 0.2640625 0.428125 0.39375 0.3796875
21 0.24375 0.86171875 0.1921875 0.275
21 0.3734375 0.73203125 0.39375 0.371875
21 0.4328125 0.2953125 0.25 0.346875
21 0.55078125 0.8640625 0.4515625 0.26875
21 0.5375 0.0765625 0.346875 0.153125
21 0.5625 0.21171875 0.3390625 0.321875
21 0.6203125 0.51796875 0.346875 0.34375
21 0.75 0.67890625 0.33125 0.3609375
21 0.8125 0.30625 0.3375 0.35
21 0.83046875 0.86171875 0.146875 0.1875
21 0.890625 0.52421875 0.215625 0.334375