76 0.178125 0.3921875 0.2484375 0.1546875
76 0.1828125 0.5828125 0.253125 0.221875
76 0.27265625 0.271875 0.209375 0.1953125
76 0.2921875 0.7515625 0.221875 0.1640625
76 0.37734375 0.1609375 0.1828125 0.2125
76 0.48203125 0.80390625 0.1546875 0.1734375
76 0.54296875 0.15859375 0.2046875 0.2578125
76 0.6296875 0.78125 0.1484375 0.190625
76 0.7296875 0.22578125 0.1828125 0.190625
76 0.7359375 0.6671875 0.1765625 0.1765625
76 0.8453125 0.56484375 0.24375 0.190625
76 0.84609375 0.365625 0.221875 0.2125