52 0.03359375 0.7078125 0.0671875 0.1796875
52 0.08515625 0.9125 0.1703125 0.1734375
52 0.16953125 0.771875 0.1546875 0.2390625
52 0.5625 0.9546875 0.2078125 0.0875
52 0.55625 0.62734375 0.1703125 0.2015625
52 0.72578125 0.390625 0.4859375 0.6765625
52 0.5578125 0.3234375 0.1453125 0.1921875
52 0.6109375 0.1609375 0.1640625 0.21875
52 0.64765625 0.46640625 0.146875 0.1953125
52 0.71640625 0.83671875 0.215625 0.28125
52 0.72109375 0.31640625 0.1640625 0.2171875
52 0.70546875 0.58984375 0.11875 0.096875
52 0.77890625 0.178125 0.146875 0.1703125
52 0.790625 0.48046875 0.1515625 0.209375
52 0.84140625 0.95546875 0.1375 0.0890625
52 0.87890625 0.646875 0.1703125 0.2125
52 0.88671875 0.2921875 0.146875 0.1609375