48 0.35 0.78359375 0.096875 0.0765625
48 0.2828125 0.45703125 0.065625 0.05
48 0.3578125 0.49609375 0.075 0.05
48 0.19375 0.55078125 0.0765625 0.05
48 0.25859375 0.55078125 0.053125 0.04375
48 0.3859375 0.5609375 0.0484375 0.0375
48 0.553125 0.58515625 0.0625 0.0484375
48 0.36171875 0.6609375 0.084375 0.059375
48 0.7125 0.68515625 0.065625 0.0453125
48 0.38671875 0.72109375 0.075 0.0625
48 0.88828125 0.7640625 0.1125 0.05625
48 0.6828125 0.7703125 0.1 0.0671875
48 0.9171875 0.84140625 0.1078125 0.06875
48 0.796875 0.8421875 0.115625 0.0453125
48 0.7234375 0.9 0.1109375 0.0703125
48 0.290625 0.93515625 0.096875 0.05625
48 0.1703125 0.9484375 0.121875 0.05
48 0.51796875 0.984375 0.0796875 0.0296875