48 0.7125 0.37265625 0.103125 0.0875
48 0.45546875 0.1828125 0.196875 0.103125
48 0.53984375 0.25625 0.1921875 0.1375
48 0.31015625 0.28359375 0.18125 0.1375
48 0.6609375 0.321875 0.053125 0.059375
48 0.8140625 0.38671875 0.128125 0.084375
48 0.61875 0.3859375 0.034375 0.059375
48 0.87734375 0.42421875 0.10625 0.08125
48 0.75390625 0.4328125 0.084375 0.08125
48 0.66796875 0.4390625 0.1109375 0.071875
48 0.803125 0.4734375 0.1 0.0578125
48 0.60234375 0.4703125 0.0625 0.040625
48 0.7328125 0.490625 0.0671875 0.0375
48 0.68359375 0.50703125 0.096875 0.065625
48 0.5953125 0.53359375 0.10625 0.0796875
48 0.7796875 0.5375 0.071875 0.053125
48 0.7453125 0.56640625 0.11875 0.071875
48 0.4078125 0.62890625 0.159375 0.1703125
48 0.23046875 0.6234375 0.209375 0.1515625
48 0.53515625 0.59609375 0.0875 0.075
48 0.65859375 0.60546875 0.10625 0.0625
48 0.8375 0.62734375 0.096875 0.075
48 0.6109375 0.6515625 0.121875 0.0875
48 0.7390625 0.6671875 0.090625 0.096875
48 0.51953125 0.671875 0.103125 0.0875
48 0.26953125 0.740625 0.2140625 0.090625
48 0.75234375 0.7484375 0.09375 0.084375
48 0.51171875 0.76171875 0.1203125 0.0796875
48 0.6515625 0.77265625 0.115625 0.0890625
48 0.453125 0.7703125 0.065625 0.05
48 0.73046875 0.8234375 0.146875 0.096875
48 0.53515625 0.821875 0.0890625 0.0375
48 0.63203125 0.84609375 0.096875 0.0578125
48 0.69375 0.88203125 0.0484375 0.03125