21 0.10234375 0.73203125 0.2046875 0.2953125
21 0.125 0.4796875 0.25 0.209375
21 0.15859375 0.9203125 0.3171875 0.1546875
21 0.19921875 0.403125 0.3984375 0.24375
21 0.265625 0.74375 0.315625 0.40625
21 0.33046875 0.18984375 0.4109375 0.275
21 0.4078125 0.05625 0.33125 0.1125
21 0.58515625 0.8796875 0.4546875 0.240625
21 0.4390625 0.6984375 0.134375 0.2453125
21 0.446875 0.396875 0.125 0.4359375
21 0.66328125 0.72734375 0.375 0.3375
21 0.53515625 0.25703125 0.0921875 0.10625
21 0.7046875 0.2234375 0.384375 0.375
21 0.896875 0.58046875 0.2046875 0.3453125
21 0.9203125 0.3703125 0.15625 0.190625
21 0.9359375 0.265625 0.128125 0.0921875
21 0.96171875 0.7078125 0.075 0.1859375