21 0.26796875 0.10234375 0.2953125 0.2046875
21 0.5203125 0.125 0.209375 0.25
21 0.0796875 0.15859375 0.153125 0.3171875
21 0.596875 0.19921875 0.24375 0.3984375
21 0.25625 0.265625 0.40625 0.315625
21 0.81015625 0.33046875 0.275 0.4109375
21 0.94375 0.4078125 0.1125 0.33125
21 0.1203125 0.58515625 0.240625 0.4546875
21 0.3015625 0.4390625 0.2453125 0.134375
21 0.603125 0.446875 0.434375 0.125
21 0.27265625 0.66328125 0.3375 0.375
21 0.74296875 0.53515625 0.10625 0.090625
21 0.7765625 0.7046875 0.375 0.384375
21 0.41953125 0.896875 0.346875 0.2046875
21 0.6296875 0.9203125 0.190625 0.15625
21 0.734375 0.9359375 0.090625 0.128125
21 0.2921875 0.96171875 0.184375 0.075