48 0.38203125 0.0984375 0.115625 0.1125
48 0.39921875 0.02890625 0.121875 0.0578125
48 0.27421875 0.03125 0.121875 0.0625
48 0.27421875 0.12265625 0.1 0.165625
48 0.65234375 0.15 0.059375 0.05625
48 0.459375 0.16484375 0.065625 0.065625
48 0.6453125 0.19453125 0.0265625 0.053125
48 0.69140625 0.18359375 0.040625 0.01875
48 0.3578125 0.22578125 0.10625 0.090625
48 0.5140625 0.209375 0.090625 0.05625
48 0.678125 0.21171875 0.0453125 0.053125
48 0.290625 0.26796875 0.1203125 0.134375
48 0.71484375 0.228125 0.05 0.0375
48 0.43046875 0.2515625 0.1203125 0.0796875
48 0.66328125 0.26171875 0.040625 0.05
48 0.51171875 0.26796875 0.0625 0.059375
48 0.71171875 0.2765625 0.05 0.0359375
48 0.70078125 0.2984375 0.059375 0.0375
48 0.4078125 0.328125 0.1078125 0.071875
48 0.66015625 0.34375 0.034375 0.059375
48 0.3546875 0.36640625 0.134375 0.1
48 0.6984375 0.33984375 0.028125 0.0375
48 0.71484375 0.35546875 0.0375 0.053125
48 0.43515625 0.42421875 0.1109375 0.0765625
48 0.671875 0.54453125 0.0359375 0.0171875
48 0.6421875 0.54453125 0.025 0.00625
48 0.6296875 0.578125 0.0359375 0.028125
48 0.63125 0.609375 0.0453125 0.0359375
48 0.62265625 0.64296875 0.028125 0.0265625
48 0.6359375 0.66953125 0.025 0.021875
48 0.66484375 0.734375 0.0359375 0.0375
48 0.65859375 0.77421875 0.05625 0.028125
48 0.63828125 0.8453125 0.04375 0.0265625
48 0.65 0.90859375 0.04375 0.0484375