30 0.634375 0.58984375 0.1703125 0.128125
30 0.615625 0.78984375 0.115625 0.08125
30 0.42578125 0.65390625 0.115625 0.10625
30 0.421875 0.5265625 0.0890625 0.08125
30 0.49140625 0.39453125 0.134375 0.0890625
30 0.72578125 0.36875 0.115625 0.1390625
30 0.8609375 0.48671875 0.1296875 0.1125
30 0.71015625 0.16484375 0.128125 0.1125
30 0.5734375 0.1859375 0.11875 0.075
30 0.3375 0.25625 0.18125 0.115625
30 0.178125 0.46015625 0.146875 0.125
30 0.1359375 0.6765625 0.10625 0.1453125
30 0.13828125 0.9375 0.0890625 0.0765625
30 0.61640625 0.96015625 0.1609375 0.0796875
30 0.8328125 0.95625 0.14375 0.0875
30 0.8609375 0.74765625 0.1609375 0.128125
30 0.13671875 0.259375 0.1 0.103125
30 0.12734375 0.08203125 0.096875 0.0765625
30 0.28828125 0.071875 0.128125 0.0984375
30 0.490625 0.03515625 0.184375 0.06875
30 0.83515625 0.053125 0.146875 0.103125
30 0.90625 0.2921875 0.084375 0.075
30 0.33984375 0.79296875 0.146875 0.13125
30 0.35546875 0.95546875 0.159375 0.0875