30 0.86640625 0.18046875 0.23125 0.18125
30 0.8796875 0.38828125 0.2359375 0.190625
30 0.8796875 0.59609375 0.225 0.190625
30 0.8765625 0.79921875 0.2328125 0.1921875
30 0.63125 0.88671875 0.2546875 0.1703125
30 0.63125 0.6859375 0.25 0.1828125
30 0.63203125 0.4859375 0.24375 0.1921875
30 0.6234375 0.2828125 0.24375 0.184375
30 0.6140625 0.0890625 0.2453125 0.16875
30 0.37734375 0.19609375 0.2453125 0.1875
30 0.3796875 0.3921875 0.253125 0.190625
30 0.36796875 0.59375 0.246875 0.175
30 0.36328125 0.79296875 0.25625 0.19375
30 0.13125 0.89453125 0.259375 0.184375
30 0.12265625 0.70078125 0.225 0.1859375
30 0.1234375 0.5 0.23125 0.1875
30 0.1265625 0.29453125 0.228125 0.196875
30 0.12109375 0.103125 0.21875 0.178125