30 0.58984375 0.365625 0.128125 0.1703125
30 0.78984375 0.384375 0.0828125 0.115625
30 0.65390625 0.57421875 0.10625 0.115625
30 0.5265625 0.578125 0.0828125 0.0890625
30 0.39453125 0.50859375 0.0890625 0.134375
30 0.36875 0.27421875 0.1390625 0.115625
30 0.48671875 0.1390625 0.1140625 0.1296875
30 0.16484375 0.28984375 0.1140625 0.128125
30 0.1859375 0.4265625 0.075 0.1171875
30 0.25625 0.6625 0.115625 0.18125
30 0.46015625 0.821875 0.125 0.146875
30 0.6765625 0.8640625 0.1453125 0.10625
30 0.9375 0.86171875 0.0765625 0.0890625
30 0.96015625 0.38359375 0.0796875 0.1609375
30 0.95625 0.1671875 0.0875 0.14375
30 0.74765625 0.1390625 0.128125 0.1609375
30 0.259375 0.86328125 0.103125 0.1015625
30 0.08203125 0.87265625 0.0765625 0.096875
30 0.071875 0.71171875 0.0984375 0.128125
30 0.03515625 0.509375 0.0703125 0.1859375
30 0.053125 0.16484375 0.103125 0.146875
30 0.2921875 0.09375 0.075 0.084375
30 0.79296875 0.66015625 0.1328125 0.146875
30 0.95546875 0.64453125 0.0875 0.159375