42 0.14765625 0.17578125 0.1703125 0.0875
42 0.4 0.165625 0.2125 0.13125
42 0.6296875 0.16484375 0.184375 0.121875
43 0.86640625 0.17578125 0.2125 0.0875
42 0.86875 0.359375 0.13125 0.1
43 0.634375 0.35703125 0.25625 0.0984375
42 0.396875 0.35234375 0.1921875 0.09375
42 0.14296875 0.359375 0.215625 0.09375
42 0.13359375 0.5578125 0.1 0.0875
11 0.4015625 0.55859375 0.284375 0.0796875
42 0.63671875 0.546875 0.15625 0.121875
42 0.8640625 0.55078125 0.1296875 0.11875
42 0.87265625 0.76328125 0.209375 0.0890625
42 0.63203125 0.74296875 0.225 0.1203125
18 0.3890625 0.7703125 0.2453125 0.06875
43 0.1265625 0.74375 0.20625 0.1