43 0.13203125 0.265625 0.21875 0.4984375
43 0.27890625 0.2828125 0.1609375 0.4265625
43 0.41484375 0.2953125 0.128125 0.4
43 0.52890625 0.303125 0.1140625 0.3796875
43 0.66796875 0.29921875 0.1609375 0.4546875
43 0.84375 0.29296875 0.2453125 0.4734375
43 0.821875 0.57109375 0.353125 0.2078125
43 0.78828125 0.703125 0.3515625 0.2015625
43 0.803125 0.86875 0.3921875 0.24375
43 0.49609375 0.85546875 0.2265625 0.25
43 0.49765625 0.6875 0.2046875 0.1640625
43 0.4890625 0.56875 0.28125 0.16875
43 0.16328125 0.88125 0.321875 0.2359375
43 0.1765625 0.7296875 0.3515625 0.1953125
43 0.21640625 0.603125 0.2859375 0.11875