42 0.15234375 0.81953125 0.284375 0.184375
42 0.15625 0.6421875 0.2765625 0.1609375
42 0.171875 0.50390625 0.2703125 0.1734375
42 0.17578125 0.37265625 0.259375 0.1734375
42 0.1890625 0.23671875 0.2390625 0.1421875
42 0.20546875 0.11875 0.2390625 0.1703125
42 0.3921875 0.15859375 0.1296875 0.284375
42 0.3796875 0.365625 0.1546875 0.384375
42 0.39765625 0.73203125 0.1734375 0.4671875
42 0.5625 0.775 0.1546875 0.40625
42 0.53984375 0.178125 0.16875 0.259375
42 0.54296875 0.32421875 0.18125 0.321875
42 0.678125 0.1703125 0.121875 0.30625
42 0.7015625 0.78828125 0.1015625 0.4203125
42 0.84765625 0.8234375 0.178125 0.325
42 0.85078125 0.62265625 0.1921875 0.2625
42 0.83046875 0.41484375 0.1734375 0.253125
42 0.81015625 0.28984375 0.1609375 0.2578125
42 0.80546875 0.15625 0.1734375 0.2234375