43 0.78125 0.81875 0.28125 0.35625
43 0.61796875 0.74140625 0.225 0.2359375
43 0.5140625 0.64765625 0.153125 0.16875
43 0.41953125 0.6140625 0.1078125 0.13125
42 0.85234375 0.59140625 0.10625 0.071875
42 0.85234375 0.509375 0.096875 0.071875
42 0.85078125 0.4375 0.1 0.0765625
42 0.85078125 0.3859375 0.0984375 0.0484375
42 0.85234375 0.32421875 0.10625 0.065625
42 0.86796875 0.13828125 0.05 0.2140625
42 0.8265625 0.15859375 0.04375 0.1921875
42 0.78984375 0.1828125 0.040625 0.1828125
42 0.734375 0.2078125 0.04375 0.175
42 0.73203125 0.3484375 0.0765625 0.065625
42 0.7296875 0.4125 0.08125 0.059375
42 0.72578125 0.46484375 0.08125 0.059375
42 0.7296875 0.52890625 0.0875 0.0484375
42 0.725 0.59140625 0.0890625 0.05625
42 0.96171875 0.603125 0.075 0.0625
42 0.9578125 0.53515625 0.0671875 0.0765625
42 0.95546875 0.45546875 0.08125 0.08125
42 0.9421875 0.38125 0.0453125 0.065625
42 0.94921875 0.30078125 0.0484375 0.05625
42 0.52890625 0.5421875 0.053125 0.0359375
42 0.53125 0.5 0.05 0.0375
42 0.509375 0.2875 0.06875 0.1515625
43 0.33203125 0.58203125 0.0890625 0.175
42 0.6421875 0.56640625 0.075 0.0578125
42 0.6421875 0.4015625 0.06875 0.065625
43 0.4359375 0.74296875 0.0671875 0.1375