42 0.60078125 0.79921875 0.4234375 0.26875
42 0.4578125 0.9109375 0.36875 0.1734375
42 0.14921875 0.8421875 0.2984375 0.3015625
42 0.30625 0.71484375 0.4828125 0.303125
42 0.1703125 0.49609375 0.3390625 0.2328125
42 0.5328125 0.5609375 0.446875 0.25625
42 0.64296875 0.41484375 0.45 0.2640625
42 0.25390625 0.27265625 0.5046875 0.24375
42 0.4390625 0.228125 0.4015625 0.2984375
42 0.85234375 0.603125 0.2953125 0.2484375
42 0.72734375 0.68046875 0.340625 0.240625
42 0.603125 0.80390625 0.415625 0.259375