42 0.18046875 0.15234375 0.184375 0.284375
42 0.3578125 0.15625 0.1609375 0.2765625
42 0.49609375 0.171875 0.1734375 0.26875
42 0.62734375 0.17578125 0.1734375 0.259375
42 0.76328125 0.1890625 0.1421875 0.2375
42 0.88125 0.20546875 0.1703125 0.2375
42 0.84140625 0.3921875 0.284375 0.1296875
42 0.634375 0.3796875 0.384375 0.153125
42 0.26796875 0.39765625 0.465625 0.1734375
42 0.225 0.5625 0.40625 0.153125
42 0.821875 0.53984375 0.259375 0.16875
42 0.67578125 0.54296875 0.321875 0.18125
42 0.8296875 0.678125 0.30625 0.1234375
42 0.21171875 0.7015625 0.4203125 0.1015625
42 0.1765625 0.84765625 0.325 0.178125
42 0.37734375 0.85078125 0.2625 0.1921875
42 0.58515625 0.83046875 0.253125 0.1734375
42 0.71015625 0.81015625 0.25625 0.1609375
42 0.84375 0.80546875 0.2234375 0.1734375