43 0.77734375 0.84609375 0.396875 0.26875
43 0.384375 0.85078125 0.434375 0.2984375
43 0.771875 0.62890625 0.33125 0.190625
43 0.42578125 0.603125 0.3296875 0.2140625
43 0.9171875 0.2671875 0.153125 0.4828125
43 0.76171875 0.1828125 0.153125 0.3609375
43 0.62734375 0.17578125 0.1515625 0.3484375
43 0.490625 0.16015625 0.13125 0.3171875
43 0.359375 0.1625 0.13125 0.321875
43 0.23046875 0.16328125 0.1296875 0.3265625
43 0.0828125 0.15390625 0.1625 0.303125
43 0.3578125 0.4125 0.209375 0.184375
43 0.55390625 0.421875 0.18125 0.221875
43 0.73671875 0.4375 0.19375 0.2
43 0.12734375 0.62109375 0.253125 0.3375
43 0.12890625 0.4 0.25625 0.240625