43 0.209375 0.2140625 0.178125 0.2796875
43 0.334375 0.24140625 0.1703125 0.325
43 0.4890625 0.21015625 0.2 0.3375
43 0.6703125 0.228125 0.2015625 0.3515625
43 0.865625 0.25703125 0.1734375 0.409375
43 0.83984375 0.47734375 0.1875 0.11875
43 0.85703125 0.60234375 0.2578125 0.153125
43 0.8640625 0.74609375 0.2578125 0.2
43 0.52421875 0.88203125 0.4234375 0.2
43 0.55625 0.75859375 0.3796875 0.196875
43 0.55546875 0.62109375 0.375 0.1734375
43 0.21640625 0.4078125 0.353125 0.1796875
43 0.27890625 0.57421875 0.2078125 0.2859375