43 0.88203125 0.62734375 0.10625 0.2328125
43 0.77734375 0.615625 0.1109375 0.24375
43 0.67421875 0.609375 0.10625 0.215625
43 0.5765625 0.59609375 0.1109375 0.215625
43 0.4640625 0.571875 0.13125 0.240625
43 0.353125 0.55390625 0.1109375 0.225
43 0.2515625 0.546875 0.103125 0.215625
43 0.16015625 0.52265625 0.0875 0.2375
43 0.07421875 0.515625 0.090625 0.21875
43 0.125 0.16015625 0.1203125 0.26875
43 0.24765625 0.16796875 0.1078125 0.26875
43 0.3578125 0.16796875 0.1203125 0.29375
43 0.484375 0.1859375 0.1375 0.2984375
43 0.65 0.20546875 0.1625 0.284375
43 0.8125 0.209375 0.153125 0.325
43 0.93359375 0.2125 0.1296875 0.340625
43 0.1140625 0.859375 0.1296875 0.23125
43 0.24140625 0.8609375 0.115625 0.2375
43 0.35 0.87109375 0.1109375 0.253125
43 0.45703125 0.8765625 0.1125 0.2453125
43 0.55859375 0.8890625 0.09375 0.215625
43 0.64765625 0.896875 0.096875 0.2015625
43 0.73671875 0.90390625 0.084375 0.1875
43 0.89453125 0.9 0.209375 0.121875